33.67
31.072
27.8911
26.0415
24.6655
23.6549
20.7453
19.803
19.3411
17.8307
17.7679
17.0198
17.0198
16.4673
16.3813
16.3238
16.3238
16.0008
15.7231
15.1731
14.1152
13.4228
13.0451
12.519
12.1412
11.7329
11.7152
11.5518
11.3715
11.3715
11.2932
11.1671
11.0983
10.3489
10.2091
9.6651
9.5253
9.5253
9.357
9.357
9.35198
9.3458
9.3458
9.3458
9.29839
8.17253
8.00006
8.00006
8.00006
8.00006
8.00006
8.00006
8.00006
7.9997
7.9997
7.9997
7.9997
7.9997
7.81458
7.79736
7.79627
7.79627
7.79627
7.79627
7.79627
7.79627
7.79627
7.79627
7.79627
7.79627
7.78318
7.78318
7.78318
7.78318
7.78318
7.78318
7.78318
7.78318
7.78318
7.19736
7.17953
7.17953
6.60125
6.60125
6.60125
6.60125
6.58983
6.58983
6.58983
6.58983
6.58983
6.58983
6.58983
6.58983
6.58983
6.58983
6.58983
6.58983
6.58983
6.58983
6.58983
6.58983
6.53626
6.53626
6.53626
6.53626
6.53626
6.53626
6.53626
6.53626
6.53626
6.53626
6.53626
6.53626
6.53626
6.53626
6.53626
6.53626
6.53626
6.53626
6.53626
6.53626
6.53626
6.53626
6.53626
6.53626
6.53626
6.51626
6.51626
6.51626
6.51626
6.51626
6.51626
6.51626
6.51626
6.51626
6.51626
6.51626
6.51626
6.51626
6.51626
6.51626
6.51626
6.51626
6.51626
6.51626
6.51626
6.51626
6.51626
6.51626
6.51626
6.51626
6.51626
6.51626
6.51626
6.51626
6.51626
6.51626
6.51626
6.51626
6.51626
6.51626
6.51626
6.51626
6.51626
6.51626
6.51626
6.51626
6.51626
6.51626
6.51626
6.51626
6.51626
6.51626
6.51626
6.51626
6.51626
6.51626
6.51626
6.51626
6.51626
6.51626
6.51626
6.51626
6.51626
6.51626
6.51626
6.51626
6.51626
6.51626
6.51626
6.51626
6.51626
6.51626
6.51626
6.51626
6.51626
6.51626
6.51626
6.51626
6.51626
6.51626
6.51626
6.51626
6.51626
6.51626
6.51626
6.51626
6.51626
6.51626
6.51626
6.51626
6.51626
6.51626
6.51626
6.51626
6.51626
6.51626
6.51626
6.51626
6.51626
6.51626
6.51626
6.51626
6.51626
6.51626
6.51626
6.51626
6.51626
6.51626
6.51626
6.51626
6.51626
6.51626
6.51626
6.51626
6.51626
6.51626
6.51626
6.51626
6.51626
6.51626
6.51626
6.51626
6.51626
6.51626
6.51626
6.51626
6.51626
6.51626
6.51626
6.51626
6.51626
6.51626
6.51626
6.51626
6.51626
6.51626
6.21697
6.21697
6.21697
6.21697
6.21697
6.21697
6.21697
6.21697
6.21697
6.21697
6.21697
6.21697
6.21697
6.21697
6.21697
6.21697
6.21697
6.21697
6.21697
6.21697
6.21697
6.21697
6.21697
6.21697
6.21697
6.21697
6.21697
6.21697
6.21697
6.21697
6.21697
6.21697
6.21697
6.21697
6.21697
6.21697
6.21697
6.21697
6.21697
6.21697
6.21697
6.21697
6.21697
6.21697
6.21697
6.21697
6.21697
6.21697
6.21697
6.21697
6.21697
6.21697
6.21697
6.21697
6.21697
6.21697
6.21697
6.21697
6.21697
6.21697
6.21697
6.21697
6.21697
6.21697
6.21697
6.21697
6.21697
6.21697
6.21697
6.21697
6.21697
6.21697
6.21697
6.21697
6.21697
6.21697
6.21697
6.21697
6.21697
6.21697
6.21697
6.21697
6.21697
6.21697
6.21697
6.21697
6.21697
6.21697
6.21697
6.21697
6.21697
6.21697
6.21697
6.21697
6.21697
6.21697
6.21697
6.21697
6.21697
6.21697
6.21697
6.21697
6.21697
6.21697
6.21697
6.21697
6.21697
6.21697
6.21697
6.21697
6.21697
6.21697
6.21697
6.21697
6.21697
6.21697
6.21697
6.21697
6.21697
6.21697
6.21697
6.21697
6.21697
6.21697
6.21697
6.21697
6.21697
6.21697
6.21697
6.21697
6.21697
6.21697
6.21697
6.21697
6.21697
6.21697
6.21697
6.21697
6.21697
6.21697
6.21697
6.21697
6.21697
6.21697
6.21697
6.21697
6.21697
6.21697
6.21697
6.21697
6.21697
6.21697
6.21697
6.21697
6.21697
6.21697
6.21697
6.21697
6.21697
6.21697
6.21697
6.21697
6.21697
6.21697
6.21697
6.21697
6.21697
6.21697
6.21697
6.21697
6.21697
6.21697
6.21697
6.21697
6.21697
6.21697
6.21697
6.21697
6.21697
6.21697
6.21697
6.21697
6.21697
6.21697
6.21697
6.21697
6.21697
6.21697
6.21697
6.21697
6.21697
6.21697
6.21697
6.21697
6.21697
6.21697
6.21697
6.21697
6.21697
6.21697
6.21697
6.21697
6.21697
6.21697
6.21697
6.21697
6.21697
6.21697
6.21697
6.21697
6.21697
6.21697
6.21697
6.21697
6.21697
6.21697
6.21697
6.21697
6.21697
6.21697
6.21697
6.21697
6.21697
6.21697
6.21697
6.21697
6.21697
6.21697
6.21697
6.21697
6.21697
6.21697
6.21697
6.21697
6.21697
6.21697
6.21697
6.21697
6.21697
6.21697
6.21697
6.21697
6.21697
6.21697
6.21697
6.21697
6.21697
6.21697
6.21697
6.21697
6.21697
6.21697
6.21697
6.21697
6.21697
6.21697
6.21697
6.21697
6.21697
6.21697
6.21697
6.21697
6.21697
6.21697
6.21697
6.21697
6.21697
6.21697
6.21697
6.21697
6.21697
6.21697
6.21697
6.21697
6.21697
6.21697
6.21697
6.21697
6.21697
6.21697
6.21697
6.21697
6.21697
6.21697
6.21697
6.21697
6.21697
6.21697
6.21697
6.21697
6.21697
6.21697
6.21697
6.21697
6.21697
6.21697
6.21697
6.21697
6.21697
6.21697
6.21697
6.21697
6.21697
6.21697
6.21697
6.21697
6.21697
6.21697
6.21697
6.21697
6.21697
6.21697
6.21697
6.21697
6.21697
6.21697
6.21697
6.21697
6.21697
6.21697
6.21697
6.21697
6.21697
6.21697
6.21697
6.21697
6.21697
6.21697
6.21697
6.21697
6.21697
6.21697
6.21697
6.21697
6.21697
6.21697
6.21697
6.21697
6.21697
6.21697
6.21697
6.21697
6.21697
6.21697
6.21697
6.21697
6.21697
6.21697
6.21697
6.21697
6.21697
6.21697
6.21697
6.21697
6.21697
6.21697
6.21697
6.21697
6.21697
6.21697
6.21697
6.21697
6.21697
6.21697
6.21697
6.21697
6.21697
6.21697
6.21697
6.21697
6.21697
6.21697
6.21697
6.21697
6.21697
6.21697
6.21697
6.21697
6.21697
6.21697
6.21697
6.21697
6.21697
6.21697
6.21697
6.21697
6.21697
6.21697
6.21697
6.21697
6.21697
6.21697
6.21697
6.21697
6.21697
6.21697
6.21697
6.21697
6.21697
6.21697
6.21697
6.21697
6.21697
6.21697
6.21697
6.21697
6.21697
6.21697
6.21697
6.21697
6.21697
6.21697
6.21697
6.21697
6.21697
6.21697
6.21697
6.21697
6.21697
6.21697
6.21697
6.21697
6.21697
6.21697
6.21697
6.21697
6.21697
6.21697
6.21697
6.21697
6.21697
6.21697
6.21697
6.21697
6.21697
6.21697
6.21697
6.21697
6.21697
6.21697
6.21697
6.21697
6.21697
6.21697
6.21697
6.21697
6.21697
6.21697
6.21697
6.21697
6.21697
6.21697
6.21697
6.21697
6.21697
6.21697
6.21697
6.21697
6.21697
6.21697
6.21697
6.21697
6.21697
6.21697
6.21697
6.21697
6.21697
6.21697
6.21697
6.21697
6.21697
6.21697
6.21697
6.21697
6.21697
6.21697
6.21697
6.21697
6.21697
6.21697
6.21697
6.21697
6.21697
6.21697
6.21697
6.21697
6.21697
6.21697
6.21697
6.21697
6.21697
6.21697
6.21697
6.21697
6.21697
6.21697
6.21697
6.21697
6.21697
6.21697
6.21697
6.21697
6.21697
6.21697
6.21697
6.21697
6.21697
6.21697
6.21697
6.21697
6.21697
6.21697
6.21697
6.21697
6.21697
6.21697
6.21697
6.21697
6.21697
6.21697
6.21697
6.21697
6.21697
6.21697
6.21697
6.21697
6.21697
6.21697
6.21697
6.21697
6.21697
6.21697
6.21697
6.21697
6.21697
6.21697
6.21697
6.21697
6.21697
6.21697
6.21697
6.21697
6.21697
6.21697
6.21697
6.21697
6.21697
6.21697
6.21697
6.21697
6.21697
6.21697
6.21697
6.21697
6.21697
6.21697
6.21697
6.21697
6.21697
6.21697
6.21697
6.21697
6.21697
6.21697
6.21697
6.21697
6.21697
6.21697
6.21697
6.21697
6.21697
6.21697
6.21697
6.21697
6.21697
6.21697
6.21697
6.21697
6.21697
6.21697
6.21697
6.21697
6.21697
6.21697
6.21697
6.21697
6.21697
6.21697
6.21697
6.21697
6.21697
6.21697
6.21697
6.21697
6.21697
6.21697
6.21697
6.21697
6.21697
6.21697
6.21697
6.21697
6.21697
6.21697
6.21697
6.21697
6.21697
6.21697
6.21697
6.21697
6.21697
6.21697
6.21697
6.21697
6.21697
6.21697
6.21697
6.21697
6.21697
6.21697
6.21697
6.21697
6.21697
6.21697
6.21697
6.21697
6.21697
6.21697
6.21697
6.21697
6.21697
6.21697
6.21697
6.21697
6.21697
6.21697
6.21697
6.21697
6.21697
6.21697
6.21697
6.21697
6.21697
6.21697
6.21697
6.21697
6.21697
6.21697
6.21697
6.21697
6.21697
6.21697
6.21697
6.21697
6.21697
6.21697
6.21697
6.21697
6.21697
6.21697
6.21697
6.21697
6.21697
6.21697
6.21697
6.21697
6.21697
6.21697
6.21697
6.21697
6.21697
6.21697
6.21697
6.21697
6.21697
6.21697
6.21697
6.21697
6.21697
6.21697
6.21697
6.21697
6.21697
6.21697
6.21697
6.21697
6.21697
6.21697
6.21697
6.21697
6.21697
6.21697
6.21697
6.21697
6.21697
6.21697
6.21697
6.21697
6.21697
6.21697
6.21697
6.21697
6.21697
6.21697
6.21697
6.21697
6.21697
6.21697
6.21697
6.21697
6.21697
6.21697
6.21697
6.21697
6.21697
6.21697
6.21697
6.21697
6.21697
6.21697
6.21697
6.21697
6.21697
6.21697
6.21697
6.21697
6.21697
6.21697
6.21697
6.21697
6.21697
6.21697
6.21697
6.21697
6.21697
6.21697
6.21697
6.21697
6.21697
6.21697
6.21697
6.21697
