34.7881
32.7705
32.1919
31.5529
29.5948
29.2274
29.2155
27.7857
25.6754
25.6754
25.5701
24.2459
24.2459
22.8591
22.8591
22.8591
22.6512
21.327
21.327
20.8896
20.8896
20.8896
20.3577
19.4732
19.0393
17.7469
17.7469
17.7469
17.6773
17.6773
17.4873
16.8782
16.8782
16.8782
16.441
15.8318
15.8318
15.8318
15.8318
15.8318
15.8318
15.8318
15.8318
15.8318
15.8184
15.8184
15.8184
15.8184
14.7509
14.7509
14.7509
14.6351
14.6351
14.6351
14.6351
14.6351
14.6351
14.6351
14.0997
14.0997
14.0997
14.0987
14.0987
14.0987
14.0987
14.0987
13.8999
13.8999
13.7251
13.5262
13.5262
13.5262
13.5262
13.5262
13.5262
13.5262
13.5262
13.5262
13.5262
13.5262
13.482
13.482
13.482
13.482
13.482
13.482
13.482
13.482
13.482
13.466
13.466
13.466
13.1982
13.1801
13.1801
13.156
13.1551
13.1551
11.2671
11.2671
11.2671
11.2671
11.2671
11.2671
11.0446
10.8198
10.8198
10.5648
9.36588
9.36588
9.36588
9.36588
9.36588
9.36588
9.36588
9.36588
9.36588
9.36588
9.36588
8.96504
8.96504
8.96504
8.96504
8.96504
8.96504
8.96504
8.96504
8.96504
8.94094
8.94094
8.94094
8.94094
8.94094
8.94094
8.94094
8.94094
8.94094
8.94094
8.94094
8.84416
8.84416
8.84416
8.84416
8.84416
8.84416
8.84416
8.84416
8.84416
8.84416
8.84416
8.84249
8.84249
8.84249
8.84249
8.82336
7.45728
7.45728
7.45728
7.45728
7.45728
7.45728
7.45728
7.22924
7.22924
7.22924
7.22924
7.22924
7.22924
7.22924
7.22924
7.19277
7.19277
7.19277
7.19277
7.19277
6.72696
6.72696
6.72696
6.72696
6.72696
6.72696
6.72696
6.72696
6.55463
6.55463
6.40369
6.40369
6.40369
6.40369
6.40369
6.40369
6.40369
6.40369
6.40369
6.40369
6.40369
6.40369
6.40369
6.40369
6.40369
6.40369
6.40369
6.40369
6.40369
6.40369
6.40369
6.40369
6.40369
6.40369
6.40369
6.40369
6.40369
6.40369
6.40369
6.40369
6.40369
6.40369
6.40369
6.40369
6.40369
6.40369
6.40369
6.40369
6.40369
6.40369
6.40369
6.40369
6.40369
6.40369
6.40369
6.40369
6.40369
6.40369
6.40369
6.40369
6.40369
6.40369
6.40369
6.40369
6.40369
6.40369
6.40369
6.40369
6.40369
6.40369
6.40369
6.40369
6.40369
6.40369
6.40369
6.40369
6.40369
6.40369
6.40369
6.40369
6.40369
6.40369
6.40369
6.40369
6.40369
6.40369
6.40369
6.40369
6.40369
6.40369
6.40369
6.40369
6.40369
6.40369
6.40369
6.40369
6.40369
6.40369
6.40369
6.40369
6.40369
6.40369
6.40369
6.40369
6.40369
6.40369
6.40369
6.40369
6.40369
6.40369
6.40369
6.40369
6.40369
6.40369
6.40369
6.40369
6.40369
6.40369
6.40369
6.40369
6.40369
6.40369
6.40369
6.40369
6.40369
6.40369
6.40369
6.40369
6.40369
6.40369
6.40369
6.40369
6.40369
6.40369
6.40369
6.40369
6.40369
6.40369
6.40369
6.40369
6.40369
6.40369
6.40369
6.40369
6.40369
6.40369
6.40369
6.40369
6.40369
6.40369
6.40369
6.40369
6.40369
6.40369
6.40369
6.40369
6.40369
6.40369
6.40369
6.40369
6.40369
6.40369
6.40369
6.40369
6.40369
6.40369
6.40369
6.40369
6.40369
6.40369
6.40369
6.40369
6.40369
6.40369
6.40369
6.40369
6.40369
6.40369
6.40369
6.40369
6.40369
6.21697
6.21697
6.21697
6.21697
6.21697
6.21697
6.21697
6.21697
6.21697
6.21697
6.21697
6.21697
6.21697
6.21697
6.21697
6.21697
6.21697
6.21697
6.21697
6.21697
6.21697
6.21697
6.21697
6.21697
6.21697
6.21697
6.21697
6.21697
6.21697
6.21697
6.21697
6.21697
6.21697
6.21697
6.21697
6.21697
6.21697
6.21697
6.21697
6.21697
6.21697
6.21697
6.21697
6.21697
6.21697
6.21697
6.21697
6.21697
6.21697
6.21697
6.21697
6.21697
6.21697
6.21697
6.21697
6.21697
6.21697
6.21697
6.21697
6.21697
6.21697
6.21697
6.21697
6.21697
6.21697
6.21697
6.21697
6.21697
6.21697
6.21697
6.21697
6.21697
6.21697
6.21697
6.21697
6.21697
6.21697
6.21697
6.21697
6.21697
6.21697
6.21697
6.21697
6.21697
6.21697
6.21697
6.21697
6.21697
6.21697
6.21697
6.21697
6.21697
6.21697
6.21697
6.21697
6.21697
6.21697
6.21697
6.21697
6.21697
6.21697
6.21697
6.21697
6.21697
6.21697
6.21697
6.21697
6.21697
6.21697
6.21697
6.21697
6.21697
6.21697
6.21697
6.21697
6.21697
6.21697
6.21697
6.21697
6.21697
6.21697
6.21697
6.21697
6.21697
6.21697
6.21697
6.21697
6.21697
6.21697
6.21697
6.21697
6.21697
6.21697
6.21697
6.21697
6.21697
6.21697
6.21697
6.21697
6.21697
6.21697
6.21697
6.21697
6.21697
6.21697
6.21697
6.21697
6.21697
6.21697
6.21697
6.21697
6.21697
6.21697
6.21697
6.21697
6.21697
6.21697
6.21697
6.21697
6.21697
6.21697
6.21697
6.21697
6.21697
6.21697
6.21697
6.21697
6.21697
6.21697
6.21697
6.21697
6.21697
6.21697
6.21697
6.21697
6.21697
6.21697
6.21697
6.21697
6.21697
6.21697
6.21697
6.21697
6.21697
6.21697
6.21697
6.21697
6.21697
6.21697
6.21697
6.21697
6.21697
6.21697
6.21697
6.21697
6.21697
6.21697
6.21697
6.21697
6.21697
6.21697
6.21697
6.21697
6.21697
6.21697
6.21697
6.21697
6.21697
6.21697
6.21697
6.21697
6.21697
6.21697
6.21697
6.21697
6.21697
6.21697
6.21697
6.21697
6.21697
6.21697
6.21697
6.21697
6.21697
6.21697
6.21697
6.21697
6.21697
6.21697
6.21697
6.21697
6.21697
6.21697
6.21697
6.21697
6.21697
6.21697
6.21697
6.21697
6.21697
6.21697
6.21697
6.21697
6.21697
6.21697
6.21697
6.21697
6.21697
6.21697
6.21697
6.21697
6.21697
6.21697
6.21697
6.21697
6.21697
6.21697
6.21697
6.21697
6.21697
6.21697
6.21697
6.21697
6.21697
6.21697
6.21697
6.21697
6.21697
6.21697
6.21697
6.21697
6.21697
6.21697
6.21697
6.21697
6.21697
6.21697
6.21697
6.21697
6.21697
6.21697
6.21697
6.21697
6.21697
6.21697
6.21697
6.21697
6.21697
6.21697
6.21697
6.21697
6.21697
6.21697
6.21697
6.21697
6.21697
6.21697
6.21697
6.21697
6.21697
6.21697
6.21697
6.21697
6.21697
6.21697
6.21697
6.21697
6.21697
6.21697
6.21697
6.21697
6.21697
6.21697
6.21697
6.21697
6.21697
6.21697
6.21697
6.21697
6.21697
6.21697
6.21697
6.21697
6.21697
6.21697
6.21697
6.21697
6.21697
6.21697
6.21697
6.21697
6.21697
6.21697
6.21697
6.21697
6.21697
6.21697
6.21697
6.21697
6.21697
6.21697
6.21697
6.21697
6.21697
6.21697
6.21697
6.21697
6.21697
6.21697
6.21697
6.21697
6.21697
6.21697
6.21697
6.21697
6.21697
6.21697
6.21697
6.21697
6.21697
6.21697
6.21697
6.21697
6.21697
6.21697
6.21697
6.21697
6.21697
6.21697
6.21697
6.21697
6.21697
6.21697
6.21697
6.21697
6.21697
6.21697
6.21697
6.21697
6.21697
6.21697
6.21697
6.21697
6.21697
6.21697
6.21697
6.21697
6.21697
6.21697
6.21697
6.21697
6.21697
6.21697
6.21697
6.21697
6.21697
6.21697
6.21697
6.21697
6.21697
6.21697
6.21697
6.21697
6.21697
6.21697
6.21697
6.21697
6.21697
6.21697
6.21697
6.21697
6.21697
6.21697
6.21697
6.21697
6.21697
6.21697
6.21697
6.21697
6.21697
6.21697
6.21697
6.21697
6.21697
6.21697
6.21697
6.21697
6.21697
6.21697
6.21697
6.21697
6.21697
6.21697
6.21697
6.21697
6.21697
6.21697
6.21697
6.21697
6.21697
6.21697
6.21697
6.21697
6.21697
6.21697
6.21697
6.21697
6.21697
6.21697
6.21697
6.21697
6.21697
6.21697
6.21697
6.21697
6.21697
6.21697
6.21697
6.21697
6.21697
6.21697
6.21697
6.21697
6.21697
6.21697
6.21697
6.21697
6.21697
6.21697
6.21697
6.21697
6.21697
6.21697
6.21697
6.21697
6.21697
6.21697
6.21697
6.21697
6.21697
6.21697
6.21697
6.21697
6.21697
6.21697
6.21697
6.21697
6.21697
6.21697
6.21697
6.21697
6.21697
6.21697
6.21697
6.21697
6.21697
6.21697
6.21697
6.21697
6.21697
6.21697
6.21697
6.21697
6.21697
6.21697
6.21697
6.21697
6.21697
6.21697
6.21697
6.21697
6.21697
6.21697
6.21697
6.21697
6.21697
6.21697
6.21697
6.21697
6.21697
6.21697
6.21697
6.21697
6.21697
6.21697
6.21697
6.21697
6.21697
6.21697
6.21697
6.21697
6.21697
6.21697
6.21697
6.21697
6.21697
6.21697
6.21697
6.21697
6.21697
6.21697
6.21697
6.21697
6.21697
6.21697
6.21697
6.21697
6.21697
6.21697
6.21697
6.21697
6.21697
6.21697
6.21697
6.21697
6.21697
6.21697
6.21697
6.21697
6.21697
6.21697
6.21697
6.21697
6.21697
6.21697
6.21697
6.21697
6.21697
6.21697
6.21697
6.21697
6.21697
6.21697
6.21697
6.21697
6.21697
6.21697
6.21697
6.21697
6.21697
6.21697
6.21697
6.21697
6.21697
6.21697
6.21697
6.21697
6.21697
6.21697
6.21697
6.21697
6.21697
6.21697
6.21697
6.21697
6.21697
6.21697
6.21697
6.21697
6.21697
6.21697
6.21697
6.21697
6.21697
6.21697
6.21697
6.21697
6.21697
6.21697
6.21697
6.21697
6.21697
6.21697
6.21697
6.21697
6.21697
6.21697
6.21697
6.21697
6.21697
6.21697
6.21697
6.21697
6.21697
6.21697
6.21697
6.21697
6.21697
6.21697
6.21697
6.21697
6.21697
6.21697
6.21697
6.21697
6.21697
6.21697
6.21697
6.21697
6.21697
6.21697
6.21697
6.21697
6.21697
