34.8967
33.7
31.5782
29.5181
28.5901
28.5901
28.5901
27.6048
26.1421
26.1421
26.1421
26.1421
24.7619
24.038
24.038
24.038
23.8282
23.6656
23.7853
22.5843
22.5843
22.5843
22.5843
22.5843
21.7979
21.7895
21.7895
21.5688
21.7895
21.4642
22.0034
22.0034
22.0034
21.9965
21.9965
21.8329
21.801
21.5209
20.9129
19.8832
19.8832
20.1231
19.1893
19.1893
19.0101
19.1893
19.1893
16.7231
16.7231
16.7231
16.0728
14.375
15.5714
15.5714
14.3067
14.3067
14.3063
14.3063
14.3063
14.3063
14.2758
14.2758
14.2758
14.2758
13.8231
13.8231
13.8231
13.8231
13.8231
14.0079
13.535
13.535
13.4906
13.4906
11.9968
11.9968
11.9968
13.4906
13.4906
13.4706
13.4706
13.4042
13.4706
13.1072
13.1072
13.1072
12.5151
12.5151
12.5151
12.5151
12.5151
12.5151
12.328
11.3896
11.3896
11.3896
11.3896
11.3896
11.2025
11.2025
10.7938
10.7938
10.7938
10.7938
10.7938
10.7938
10.7938
10.7938
10.8122
10.8122
10.8122
10.7179
10.4006
10.4006
10.4453
10.4453
10.4453
10.4453
10.4453
10.4453
10.4453
10.4453
10.4453
10.4453
10.4453
10.4453
10.4453
10.4453
10.4453
10.1106
10.1106
10.1106
9.85924
9.85924
9.81363
9.52476
9.85924
9.85924
9.85924
9.85924
9.85924
9.77296
9.85795
9.85924
9.85924
9.85924
9.79187
9.76925
9.76925
9.76925
9.76925
9.76925
9.76925
9.7094
9.7094
9.7094
9.76925
9.76925
9.73818
9.73818
9.72212
9.72212
9.70963
9.70963
10.2729
9.77454
10.0106
10.0106
9.4474
9.4474
9.4474
9.4474
9.4474
9.4474
9.4474
9.4474
9.4474
9.4474
9.32053
9.4474
9.4474
8.6277
8.6277
8.6277
8.6277
8.6277
8.6277
8.6277
8.6277
8.6277
8.6277
8.50083
8.50083
8.50083
8.27446
8.27446
8.27446
8.27446
8.27446
8.27446
8.27446
8.27446
8.27446
8.27446
8.29853
8.27446
8.27446
8.27446
7.8733
7.74442
7.74442
7.74442
7.74442
7.74442
7.74442
7.74442
7.74442
7.74442
7.74442
7.74442
7.74442
7.74442
7.74442
7.74442
7.74442
7.74442
7.74442
7.73303
7.73303
7.73303
7.73303
7.73303
7.73303
7.31186
7.73303
7.73295
7.63597
7.63597
7.63597
7.63597
7.63597
7.63597
7.63597
7.63597
7.63597
7.63597
7.63597
7.63597
7.05549
7.05549
7.05549
7.05549
7.05549
7.05549
7.05549
7.05549
7.05549
7.05549
7.05549
6.83806
6.83806
7.05549
7.05549
7.05549
7.05549
7.05549
7.05549
7.05549
7.05549
7.05549
7.05549
7.05549
7.05549
7.05549
6.63549
6.63549
6.63549
6.63549
6.63549
6.63549
6.63549
6.41597
6.41597
6.41597
6.63549
6.41597
6.41597
6.41597
6.41597
6.41597
6.41597
7.25409
7.25409
6.8828
6.8828
6.8828
6.8828
6.8828
6.8828
6.8828
6.8828
6.8828
6.75594
6.75594
6.78003
8.00117
8.00117
8.00117
8.00117
8.00117
8.00117
7.78172
7.78172
7.78172
7.78172
7.78172
7.78172
7.78172
7.78172
7.78172
7.78172
7.78172
7.78172
7.78172
7.78172
7.78172
7.78172
7.78172
7.78172
7.78172
7.71022
7.71022
7.54089
7.54089
7.54089
7.71022
7.71022
7.71022
7.70923
7.71022
7.71022
7.71022
7.71022
7.71022
9.44284
9.44284
9.42364
8.12148
8.7418
8.7418
8.7418
8.16842
8.16842
8.16842
8.49234
8.49234
8.39158
8.49234
8.49234
8.49234
8.57461
8.57461
8.57461
8.57461
8.05319
7.45562
7.45562
7.45562
6.83879
7.45562
7.45562
7.45562
6.83879
6.83879
6.83879
6.83879
6.83879
6.83879
6.83879
6.83879
6.83879
6.83879
6.83879
6.83879
6.83879
6.83879
6.83879
6.83879
6.83879
6.83879
6.83879
6.83879
6.83879
6.83879
6.83879
6.83879
6.83879
6.83879
6.83879
6.83879
6.83879
6.83879
6.83879
6.83879
7.30147
7.30147
9.22568
6.83879
7.05714
7.45447
7.05714
8.02209
7.77687
7.77687
6.81192
6.81192
6.81192
6.81192
6.81192
6.89723
6.98693
6.98693
6.70858
6.70858
6.70858
6.70858
6.70858
6.70858
6.70858
6.70858
6.70858
6.70858
6.70858
6.70858
6.70858
6.70858
6.70858
6.70858
6.70858
6.70858
6.70858
6.70858
7.11739
8.30051
8.23968
8.23968
8.23968
8.23968
8.23968
7.28622
7.28622
7.28622
7.28375
7.28375
7.12014
7.28622
6.82802
6.82802
6.82802
6.82802
8.4993
8.4993
8.25098
8.25098
7.8596
8.25098
8.25098
8.25098
8.25098
8.25098
8.25098
7.58867
7.58867
7.58867
7.58867
7.58867
7.58867
7.58867
7.13738
7.13738
7.13738
7.13738
7.13738
7.13738
7.13738
7.99354
7.82503
7.82503
7.82503
7.82503
9.64868
9.65457
9.65457
9.65457
9.05926
8.96502
8.78046
8.78046
8.78046
8.78046
8.78046
9.13913
10.274
10.274
9.08469
9.08469
9.0416
9.0416
9.08469
9.08469
9.08469
9.04636
9.04055
9.03662
9.04055
9.04055
8.46324
8.65309
8.65309
8.42505
8.01245
8.01245
8.01245
8.01245
8.01245
7.98896
7.98896
7.98896
7.98896
7.83081
7.83081
7.83081
7.83081
7.83081
7.83081
7.83081
7.83081
7.83081
7.83081
7.83081
7.83081
7.83081
7.78506
7.78506
7.78506
7.78506
7.78506
7.83081
7.7054
7.78506
7.78506
7.56303
7.56303
7.56303
7.56303
7.43762
7.43762
7.38397
7.38397
7.38397
7.38397
7.38397
7.38397
7.38397
7.16452
7.16449
7.16452
7.16452
7.16452
7.16452
7.16452
7.16452
7.16452
7.16452
7.16452
7.16452
7.16452
7.16452
7.16452
7.16452
7.16452
7.16452
7.14551
7.14551
7.14551
7.14551
7.14551
7.16452
7.2738
7.2738
7.2738
7.2738
7.2738
7.2738
7.2738
8.74819
8.74819
8.48399
8.74819
8.64609
8.64609
8.42247
8.42247
8.05945
8.13206
8.13206
7.89136
7.89136
7.86929
7.86929
7.86929
7.89136
7.89136
7.50097
7.50097
7.50097
7.50097
7.50097
7.50097
7.50097
7.50097
7.50097
7.50097
7.50097
7.50097
7.50097
7.50097
7.50097
7.50097
7.50097
7.50097
7.64377
7.64377
8.65711
8.08597
8.65711
8.15768
8.15768
8.41373
8.41373
8.41373
8.41373
8.41296
8.41296
8.41296
8.41296
8.341
8.341
8.341
7.77009
7.77009
7.77009
7.77009
7.77009
7.77009
7.77009
7.77009
7.77009
7.77009
7.77009
7.77009
7.77009
7.77009
7.77009
7.77009
7.77009
7.77009
7.77009
7.77009
7.77009
7.77009
7.77009
7.77009
7.77009
7.77009
7.75009
7.75009
7.75009
7.75009
8.00284
8.00284
7.81475
7.81475
8.00284
8.16677
8.82522
9.21918
8.17422
9.21918
9.04856
9.04856
8.86048
9.04856
8.86048
8.86048
8.86048
8.86048
8.83141
8.86034
8.86048
8.86048
8.22359
8.22359
8.22359
8.22359
8.22359
8.22359
8.18529
7.89731
7.89731
7.89731
7.89731
8.22359
8.22359
7.8445
7.8445
7.8445
7.8445
7.8445
7.8445
7.8445
7.8445
7.8445
7.80478
7.80478
7.80478
7.80478
7.79949
7.79949
7.79949
7.79949
7.79949
7.79949
9.41626
9.41626
8.7686
8.79614
11.5473
11.5473
11.5039
11.8541
11.484
10.9629
10.9629
10.9629
12.1136
12.1136
12.1136
12.1136
12.1136
10.0614
10.3797
10.3797
10.3797
10.3683
10.3797
10.3797
10.3797
10.3797
10.3797
10.3797
10.3797
10.3797
10.3797
10.3797
10.3797
10.3797
10.0045
10.0045
10.0045
10.0045
9.57568
9.57568
9.57568
9.57568
9.57568
9.57568
9.57568
9.57568
9.57568
9.57568
9.63406
9.30257
10.8758
10.7828
10.7828
11.492
11.0915
11.0915
11.096
11.096
11.096
11.096
11.096
11.096
11.096
12.1244
12.0856
12.0856
12.0856
12.0856
12.0856
12.0856
11.821
11.821
11.821
11.821
11.821
11.821
11.821
11.821
11.821
11.821
11.821
11.821
11.821
11.821
11.821
11.821
11.7658
11.7658
11.7658
11.7658
11.7611
11.7658
11.7658
11.7658
11.1015
11.1015
11.1675
11.1675
11.1287
10.9013
10.9013
10.9013
10.9013
10.6588
11.2673
11.2683
11.2649
11.2649
11.2649
11.2649
11.2649
10.6234
10.6234
10.6234
10.6234
10.3567
10.3567
10.0976
10.3567
11.219
10.1475
10.1475
10.1475
10.1475
10.1475
10.1475
10.1475
10.1475
11.0504
11.0504
11.0504
11.0504
11.05
11.05
11.05
11.05
11.0494
11.0494
9.92238
9.92238
11.9209
11.9209
11.7695
11.7695
11.6956
10.7575
10.7575
10.7575
10.7575
10.3936
9.62646
9.62646
9.62646
9.62646
9.62646
9.56045
9.62646
9.62646
9.62646
8.82462
8.82462
8.6189
8.53724
8.53724
8.53724
9.62646
9.62646
9.62646
9.9505
10.5288
11.0541
11.0541
11.0541
11.0541
11.0541
11.0301
11.2226
10.7354
10.7354
10.7354
10.7354
10.7114
10.7114
12.566
12.566
12.566
12.566
11.5623
11.5623
11.5623
11.5623
11.5623
11.5054
11.5054
12.0447
12.0447
11.1007
11.1007
11.1007
11.8903
11.4779
11.4779
11.4779
11.4779
11.4779
11.4779
11.2902
11.4779
11.4779
11.4779
11.4779
11.4779
10.9773
11.2924
11.2924
11.2924
11.275
11.2317
11.2317
11.0579
11.0579
11.275
11.275
11.275
11.275
11.2748
11.2748
11.2748
11.2728
11.2728
11.2728
11.2728
11.2728
10.5296
10.5296
10.5296
10.5296
10.5296
10.5296
10.2268
10.2268
10.2268
10.2268
10.2268
10.2268
10.2093
10.2093
10.2093
10.2093
10.2093
10.1012
10.2093
10.2093
10.2093
10.2093
10.9186
9.84001
11.2137
11.2022
11.2022
11.2137
11.2137
11.2137
10.9673
10.9673
11.2137
11.6011
