38.2635
36.7054
35.1052
33.5205
32.8386
31.3951
30.628
29.6504
28.8316
27.8575
26.7127
25.8772
25.4086
24.9921
24.3047
23.9589
23.4734
22.9683
22.4873
21.9808
21.2283
21.082
20.9458
20.8228
20.6272
20.2869
19.515
18.7065
17.9579
17.8599
17.7344
17.6708
17.5167
17.1536
16.958
16.7838
16.5343
16.1571
15.8318
15.8318
15.8318
15.8318
15.8318
15.8318
15.8316
15.8297
15.8251
15.8198
15.796
15.6373
15.381
15.1239
14.8148
14.6911
14.6502
14.6351
14.6351
14.6351
14.6244
14.5665
14.4154
14.2185
14.1039
14.0993
14.0991
14.099
14.0948
14.0868
14.0237
13.9421
13.8171
13.6934
13.5875
13.5262
13.5262
13.5262
13.5262
13.5262
13.5262
13.5262
13.5253
13.52
13.5076
13.4988
13.4856
13.482
13.482
13.482
13.482
13.4817
13.4779
13.4714
13.4625
13.4228
13.319
13.216
13.1729
13.166
13.1307
13.0163
12.5993
11.8243
11.2671
11.2671
11.2627
11.2315
11.097
10.9079
10.7212
10.4711
9.84179
9.50931
9.36588
9.36588
9.36588
9.36588
9.36588
9.36588
9.36588
9.35787
9.28571
9.11735
9.03719
8.96504
8.96504
8.96504
8.96504
8.96504
8.96455
8.96022
8.95106
8.94094
8.94094
8.94094
8.94094
8.94094
8.94094
8.94094
8.94094
8.939
8.9332
8.90804
8.87126
8.84416
8.84416
8.84416
8.84416
8.84416
8.84416
8.84416
8.84413
8.84389
8.84332
8.84272
8.8421
8.78368
8.44117
8.05661
7.51577
7.45813
7.45728
7.45728
7.4486
7.4089
7.32769
7.23692
7.23036
7.22924
7.22924
7.22924
7.22851
7.22413
7.21027
7.19496
7.19277
7.17516
7.10166
6.99816
6.78389
6.72696
6.72696
6.72696
6.72696
6.72351
6.69594
6.62097
6.51815
6.46031
6.40392
6.40369
6.40369
6.40369
6.40369
6.40369
6.40369
6.40369
6.40369
6.40369
6.40369
6.40369
6.40369
6.40369
6.40369
6.40369
6.40369
6.40369
6.40369
6.40369
6.40369
6.40369
6.40369
6.40369
6.40369
6.40369
6.40369
6.40369
6.40369
6.40369
6.40369
6.40369
6.40369
6.40369
6.40369
6.40369
6.40369
6.40369
6.40369
6.40369
6.40369
6.40369
6.40369
6.40369
6.40369
6.40369
6.40369
6.40369
6.40369
6.40369
6.40369
6.40369
6.40369
6.40369
6.40369
6.40369
6.40369
6.40369
6.40369
6.40369
6.40369
6.40369
6.40369
6.40369
6.40369
6.40369
6.40369
6.40369
6.40369
6.40369
6.40369
6.40369
6.40369
6.40369
6.40369
6.40369
6.40369
6.40369
6.40369
6.40369
6.40369
6.40369
6.40369
6.40369
6.40369
6.40369
6.40369
6.40369
6.40369
6.40369
6.40369
6.40369
6.40369
6.40369
6.40369
6.40369
6.40369
6.40369
6.40369
6.40369
6.40369
6.40369
6.40369
6.40369
6.40369
6.40369
6.40369
6.40369
6.40369
6.40369
6.40369
6.40369
6.40369
6.40369
6.40369
6.40369
6.40369
6.40369
6.40369
6.40369
6.40369
6.40369
6.40369
6.40369
6.40369
6.40369
6.40369
6.40369
6.40369
6.40369
6.40369
6.40369
6.40369
6.40369
6.40369
6.40369
6.40369
6.40369
6.40369
6.40369
6.40369
6.40369
6.40369
6.40369
6.40369
6.40369
6.40369
6.40369
6.40369
6.40369
6.40369
6.40369
6.40369
6.40369
6.40369
6.40369
6.40369
6.40369
6.40369
6.40369
6.40369
6.40369
6.40369
6.40369
6.40369
6.40369
6.40369
6.40369
6.39995
6.35141
6.28046
6.21697
6.21697
6.21697
6.21697
6.21697
6.21697
6.21697
6.21697
6.21697
6.21697
6.21697
6.21697
6.21697
6.21697
6.21697
6.21697
6.21697
6.21697
6.21697
6.21697
6.21697
6.21697
6.21697
6.21697
6.21697
6.21697
6.21697
6.21697
6.21697
6.21697
6.21697
6.21697
6.21697
6.21697
6.21697
6.21697
6.21697
6.21697
6.21697
6.21697
6.21697
6.21697
6.21697
6.21697
6.21697
6.21697
6.21697
6.21697
6.21697
6.21697
6.21697
6.21697
6.21697
6.21697
6.21697
6.21697
6.21697
6.21697
6.21697
6.21697
6.21697
6.21697
6.21697
6.21697
6.21697
6.21697
6.21697
6.21697
6.21697
6.21697
6.21697
6.21697
6.21697
6.21697
6.21697
6.21697
6.21697
6.21697
6.21697
6.21697
6.21697
6.21697
6.21697
6.21697
6.21697
6.21697
6.21697
6.21697
6.21697
6.21697
6.21697
6.21697
6.21697
6.21697
6.21697
6.21697
6.21697
6.21697
6.21697
6.21697
6.21697
6.21697
6.21697
6.21697
6.21697
6.21697
6.21697
6.21697
6.21697
6.21697
6.21697
6.21697
6.21697
6.21697
6.21697
6.21697
6.21697
6.21697
6.21697
6.21697
6.21697
6.21697
6.21697
6.21697
6.21697
6.21697
6.21697
6.21697
6.21697
6.21697
6.21697
6.21697
6.21697
6.21697
6.21697
6.21697
6.21697
6.21697
6.21697
6.21697
6.21697
6.21697
6.21697
6.21697
6.21697
6.21697
6.21697
6.21697
6.21697
6.21697
6.21697
6.21697
6.21697
6.21697
6.21697
6.21697
6.21697
6.21697
6.21697
6.21697
6.21697
6.21697
6.21697
6.21697
6.21697
6.21697
6.21697
6.21697
6.21697
6.21697
6.21697
6.21697
6.21697
6.21697
6.21697
6.21697
6.21697
6.21697
6.21697
6.21697
6.21697
6.21697
6.21697
6.21697
6.21697
6.21697
6.21697
6.21697
6.21697
6.21697
6.21697
6.21697
6.21697
6.21697
6.21697
6.21697
6.21697
6.21697
6.21697
6.21697
6.21697
6.21697
6.21697
6.21697
6.21697
6.21697
6.21697
6.21697
6.21697
6.21697
6.21697
6.21697
6.21697
6.21697
6.21697
6.21697
6.21697
6.21697
6.21697
6.21697
6.21697
6.21697
6.21697
6.21697
6.21697
6.21697
6.21697
6.21697
6.21697
6.21697
6.21697
6.21697
6.21697
6.21697
6.21697
6.21697
6.21697
6.21697
6.21697
6.21697
6.21697
6.21697
6.21697
6.21697
6.21697
6.21697
6.21697
6.21697
6.21697
6.21697
6.21697
6.21697
6.21697
6.21697
6.21697
6.21697
6.21697
6.21697
6.21697
6.21697
6.21697
6.21697
6.21697
6.21697
6.21697
6.21697
6.21697
6.21697
6.21697
6.21697
6.21697
6.21697
6.21697
6.21697
6.21697
6.21697
6.21697
6.21697
6.21697
6.21697
6.21697
6.21697
6.21697
6.21697
6.21697
6.21697
6.21697
6.21697
6.21697
6.21697
6.21697
6.21697
6.21697
6.21697
6.21697
6.21697
6.21697
6.21697
6.21697
6.21697
6.21697
6.21697
6.21697
6.21697
6.21697
6.21697
6.21697
6.21697
6.21697
6.21697
6.21697
6.21697
6.21697
6.21697
6.21697
6.21697
6.21697
6.21697
6.21697
6.21697
6.21697
6.21697
6.21697
6.21697
6.21697
6.21697
6.21697
6.21697
6.21697
6.21697
6.21697
6.21697
6.21697
6.21697
6.21697
6.21697
6.21697
6.21697
6.21697
6.21697
6.21697
6.21697
6.21697
6.21697
6.21697
6.21697
6.21697
6.21697
6.21697
6.21697
6.21697
6.21697
6.21697
6.21697
6.21697
6.21697
6.21697
6.21697
6.21697
6.21697
6.21697
6.21697
6.21697
6.21697
6.21697
6.21697
6.21697
6.21697
6.21697
6.21697
6.21697
6.21697
6.21697
6.21697
6.21697
6.21697
6.21697
6.21697
6.21697
6.21697
6.21697
6.21697
6.21697
6.21697
6.21697
6.21697
6.21697
6.21697
6.21697
6.21697
6.21697
6.21697
6.21697
6.21697
6.21697
6.21697
6.21697
6.21697
6.21697
6.21697
6.21697
6.21697
6.21697
6.21697
6.21697
6.21697
6.21697
6.21697
6.21697
6.21697
6.21697
6.21697
6.21697
6.21697
6.21697
6.21697
6.21697
6.21697
6.21697
6.21697
6.21697
6.21697
6.21697
6.21697
6.21697
6.21697
6.21697
6.21697
6.21697
6.21697
6.21697
6.21697
6.21697
6.21697
6.21697
6.21697
6.21697
6.21697
6.21697
6.21697
6.21697
6.21697
6.21697
6.21697
6.21697
6.21697
6.21697
6.21697
6.21697
6.21697
6.21697
6.21697
6.21697
6.21697
6.21697
6.21697
6.21697
6.21697
6.21697
6.21697
6.21697
6.21697
6.21697
6.21697
6.21697
6.21697
6.21697
6.21697
6.21697
6.21697
6.21697
6.21697
6.21697
6.21697
6.21697
6.21697
6.21697
6.21697
6.21697
6.21697
6.21697
6.21697
6.21697
6.21697
6.21697
6.21697
6.21697
6.21697
6.21697
6.21697
6.21697
6.21697
6.21697
6.21697
6.21697
6.21697
6.21697
6.21697
6.21697
6.21697
6.21697
6.21697
6.21697
6.21697
6.21697
6.21697
6.21697
6.21697
6.21697
6.21697
6.21697
6.21697
6.21697
6.21697
6.21697
6.21697
6.21697
6.21697
6.21697
6.21697
6.21697
6.21697
6.21697
6.21697
6.21697
6.21697
6.21697
6.21697
6.21697
6.21697
6.21697
6.21697
6.21697
6.21697
6.21697
6.21697
6.21697
6.21697
6.21697
6.21697
6.21697
6.21697
6.21697
6.21697
6.21697
6.21697
6.21697
6.21697
6.21697
6.21697
6.21697
6.21697
6.21697
6.21697
6.21697
6.21697
6.21697
6.21697
6.21697
6.21697
6.21697
6.21697
6.21697
6.21697
6.21697
6.21697
6.21697
6.21697
6.21697
6.21697
6.21697
6.21697
6.21697
6.21697
6.21697
6.21697
6.21697
6.21697
6.21697
6.21697
6.21697
6.21697
6.21697
6.21697
6.21697
6.21697
6.21697
6.21697
6.21697
6.21697
6.21697
6.21697
6.21697
6.21697
6.21697
6.21697
6.21697
6.21697
6.21697
6.21697
6.21697
6.21697
6.21697
6.21697
6.21697
6.21697
6.21697
6.21697
6.21697
6.21697
6.21697
6.21697
6.21697
6.21697
6.21697
6.21697
6.21697
6.21697
6.21697
6.21697
6.21697
6.21697
6.21697
6.21697
6.21697
6.21697
6.21697
6.21697
6.21697
6.21697
6.21697
6.21697
6.21697
6.21697
6.21697
6.21697
6.21697
6.21697
6.21697
6.21697
6.21697
