37.6073
35.7241
33.8065
32.1674
30.8339
29.3749
27.7784
26.2339
25.4139
25.1711
24.4882
23.6329
22.895
22.0517
21.8272
21.4838
21.3474
21.2903
21.1759
21.1597
21.1078
20.937
20.563
20.07
19.7913
19.6656
19.3332
19.3306
19.2808
19.1713
18.6888
17.6223
17.0211
16.2489
16.0043
15.635
15.5519
15.5519
15.5519
15.5519
15.55
15.48
14.6431
13.6054
13.3105
13.3046
13.3046
13.2988
13.2215
13.1334
13.1181
13.1181
13.1181
13.1181
13.1181
13.1181
13.1181
13.1181
13.1177
13.1116
13.0989
13.0403
12.9647
12.9548
12.9367
12.8812
12.8453
12.8432
12.8149
12.7561
12.7439
12.7439
12.7439
12.7439
12.7439
12.7439
12.7439
12.7439
12.7439
12.7439
12.7439
12.7439
12.7439
12.7439
12.7439
12.7439
12.7438
12.7426
12.7396
12.7391
12.7391
12.7391
12.7391
12.7391
12.7391
12.7391
12.7391
12.7391
12.7391
12.7391
12.7391
12.7391
12.7347
12.6557
12.5285
12.1011
11.1594
10.8447
10.8378
10.8336
10.7628
10.2768
9.83079
9.82967
9.82967
9.82967
9.82967
9.82967
9.82967
9.82967
9.82967
9.82967
9.82967
9.82967
9.82967
9.82967
9.82967
9.82967
9.82967
9.82967
9.82967
9.82967
9.82967
9.82967
9.82967
9.82967
9.82967
9.82967
9.82967
9.82967
9.82967
9.82967
9.82967
9.82967
9.82967
9.82967
9.82967
9.82967
9.82967
9.82967
9.82967
9.82967
9.82967
9.82967
9.82967
9.82967
9.82967
9.82967
9.82967
9.82967
9.82967
9.82967
9.82932
9.82335
9.81281
9.81211
9.81211
9.81211
9.81211
9.81211
9.81211
9.81211
9.81211
9.81211
9.81211
9.81211
9.81211
9.81211
9.81211
9.81211
9.81211
9.81211
9.81211
9.81211
9.81211
9.81211
9.81031
9.77973
9.72216
9.72216
9.72216
9.72216
9.72216
9.72215
9.72193
9.72152
9.72152
9.72152
9.72152
9.72152
9.72152
9.72152
9.72152
9.72152
9.72152
9.72152
9.72152
9.72152
9.72152
9.70399
9.45858
8.99421
8.84505
8.84505
8.84505
8.84505
8.84505
8.84505
8.84092
8.77886
8.64659
8.63848
8.63848
8.63848
8.63848
8.63848
8.63848
8.63848
8.63848
8.63848
8.63848
8.63848
8.63848
8.63357
8.54528
8.39321
8.39321
8.39321
8.39321
8.39321
8.39321
8.39321
8.39321
8.39321
8.39321
8.39321
8.39321
8.39321
8.39321
8.39321
8.39321
8.39321
8.39318
8.39307
8.39307
8.39307
8.39307
8.38062
8.19848
7.92597
7.86536
7.86536
7.86536
7.86536
7.86536
7.86536
7.86536
7.86536
7.86536
7.86536
7.86536
7.86536
7.86536
7.86536
7.86536
7.86536
7.86536
7.86536
7.86536
7.86536
7.86536
7.86536
7.86536
7.86536
7.86536
7.86536
7.86536
7.86536
7.86536
7.86536
7.86536
7.86536
7.86536
7.86536
7.86536
7.86536
7.86536
7.86536
7.86536
7.83541
7.44603
6.75367
6.36777
6.36777
6.36777
6.36777
6.36777
6.36777
6.36777
6.36777
6.36777
6.36777
6.36777
6.36777
6.36777
6.36777
6.36777
6.36777
6.36777
6.36777
6.36777
6.36777
6.36777
6.36777
6.36777
6.36777
6.36777
6.36777
6.36777
6.36777
6.36777
6.36777
6.36777
6.36777
6.36777
6.36777
6.36777
6.36777
6.36777
6.36777
6.36777
6.36777
6.36777
6.36777
6.36777
6.36777
6.36777
6.36777
6.36777
6.36777
6.36777
6.36777
6.36777
6.36777
6.36777
6.36777
6.36777
6.36777
6.36777
6.36777
6.36777
6.36583
6.34058
6.27064
6.27064
6.27064
6.27064
6.27064
6.27064
6.27064
6.27064
6.27064
6.27064
6.27064
6.27064
6.27064
6.27064
6.27064
6.27064
6.27064
6.27064
6.27064
6.27064
6.27064
6.27064
6.27064
6.27064
6.27064
6.27064
6.27064
6.27064
6.27064
6.27064
6.27064
6.27064
6.27064
6.27064
6.27064
6.27064
6.27064
6.27064
6.27064
6.27064
6.27064
6.27064
6.27064
6.27064
6.27064
6.27064
6.27064
6.27064
6.27064
6.27064
6.27064
6.27064
6.27064
6.27064
6.27064
6.27064
6.27064
6.27064
6.27064
6.27064
6.27064
6.27064
6.27064
6.27064
6.27064
6.27064
6.27064
6.27064
6.27064
6.27064
6.27064
6.27064
6.27064
6.27064
6.27064
6.27064
6.27064
6.27064
6.27064
6.27064
6.27064
6.27064
6.27064
6.27064
6.27064
6.27005
6.25774
6.2324
6.21987
6.21697
6.21697
6.21697
6.21697
6.21697
6.21697
6.21697
6.21697
6.21697
6.21697
6.21697
6.21697
6.21697
6.21697
6.21697
6.21697
6.21697
6.21697
6.21697
6.21697
6.21697
6.21697
6.21697
6.21697
6.21697
6.21697
6.21697
6.21697
6.21697
6.21697
6.21697
6.21697
6.21697
6.21697
6.21697
6.21697
6.21697
6.21697
6.21697
6.21697
6.21697
6.21697
6.21697
6.21697
6.21697
6.21697
6.21697
6.21697
6.21697
6.21697
6.21697
6.21697
6.21697
6.21697
6.21697
6.21697
6.21697
6.21697
6.21697
6.21697
6.21697
6.21697
6.21697
6.21697
6.21697
6.21697
6.21697
6.21697
6.21697
6.21697
6.21697
6.21697
6.21697
6.21697
6.21697
6.21697
6.21697
6.21697
6.21697
6.21697
6.21697
6.21697
6.21697
6.21697
6.21697
6.21697
6.21697
6.21697
6.21697
6.21697
6.21697
6.21697
6.21697
6.21697
6.21697
6.21697
6.21697
6.21697
6.21697
6.21697
6.21697
6.21697
6.21697
6.21697
6.21697
6.21697
6.21697
6.21697
6.21697
6.21697
6.21697
6.21697
6.21697
6.21697
6.21697
6.21697
6.21697
6.21697
6.21697
6.21697
6.21697
6.21697
6.21697
6.21697
6.21697
6.21697
6.21697
6.21697
6.21697
6.21697
6.21697
6.21697
6.21697
6.21697
6.21697
6.21697
6.21697
6.21697
6.21697
6.21697
6.21697
6.21697
6.21697
6.21697
6.21697
6.21697
6.21697
6.21697
6.21697
6.21697
6.21697
6.21697
6.21697
6.21697
6.21697
6.21697
6.21697
6.21697
6.21697
6.21697
6.21697
6.21697
6.21697
6.21697
6.21697
6.21697
6.21697
6.21697
6.21697
6.21697
6.21697
6.21697
6.21697
6.21697
6.21697
6.21697
6.21697
6.21697
6.21697
6.21697
6.21697
6.21697
6.21697
6.21697
6.21697
6.21697
6.21697
6.21697
6.21697
6.21697
6.21697
6.21697
6.21697
6.21697
6.21697
6.21697
6.21697
6.21697
6.21697
6.21697
6.21697
6.21697
6.21697
6.21697
6.21697
6.21697
6.21697
6.21697
6.21697
6.21697
6.21697
6.21697
6.21697
6.21697
6.21697
6.21697
6.21697
6.21697
6.21697
6.21697
6.21697
6.21697
6.21697
6.21697
6.21697
6.21697
6.21697
6.21697
6.21697
6.21697
6.21697
6.21697
6.21697
6.21697
6.21697
6.21697
6.21697
6.21697
6.21697
6.21697
6.21697
6.21697
6.21697
6.21697
6.21697
6.21697
6.21697
6.21697
6.21697
6.21697
6.21697
6.21697
6.21697
6.21697
6.21697
6.21697
6.21697
6.21697
6.21697
6.21697
6.21697
6.21697
6.21697
6.21697
6.21697
6.21697
6.21697
6.21697
6.21697
6.21697
6.21697
6.21697
6.21697
6.21697
6.21697
6.21697
6.21697
6.21697
6.21697
6.21697
6.21697
6.21697
6.21697
6.21697
6.21697
6.21697
6.21697
6.21697
6.21697
6.21697
6.21697
6.21697
6.21697
6.21697
6.21697
6.21697
6.21697
6.21697
6.21697
6.21697
6.21697
6.21697
6.21697
6.21697
6.21697
6.21697
6.21697
6.21697
6.21697
6.21697
6.21697
6.21697
6.21697
6.21697
6.21697
6.21697
6.21697
6.21697
6.21697
6.21697
6.21697
6.21697
6.21697
6.21697
6.21697
6.21697
6.21697
6.21697
6.21697
6.21697
6.21697
6.21697
6.21697
6.21697
6.21697
6.21697
6.21697
6.21697
6.21697
6.21697
6.21697
6.21697
6.21697
6.21697
6.21697
6.21697
6.21697
6.21697
6.21697
6.21697
6.21697
6.21697
6.21697
6.21697
6.21697
6.21697
6.21697
6.21697
6.21697
6.21697
6.21697
6.21697
6.21697
6.21697
6.21697
6.21697
6.21697
6.21697
6.21697
6.21697
6.21697
6.21697
6.21697
6.21697
6.21697
6.21697
6.21697
6.21697
6.21697
6.21697
6.21697
6.21697
6.21697
6.21697
6.21697
6.21697
6.21697
6.21697
6.21697
6.21697
6.21697
6.21697
6.21697
6.21697
6.21697
6.21697
6.21697
6.21697
6.21697
6.21697
6.21697
6.21697
6.21697
6.21697
6.21697
6.21697
6.21697
6.21697
6.21697
6.21697
6.21697
6.21697
6.21697
6.21697
6.21697
6.21697
6.21697
6.21697
6.21697
6.21697
6.21697
6.21697
6.21697
6.21697
6.21697
6.21697
6.21697
6.21697
6.21697
6.21697
6.21697
6.21697
6.21697
6.21697
6.21697
6.21697
6.21697
6.21697
6.21697
6.21697
6.21697
6.21697
6.21697
6.21697
6.21697
6.21697
6.21697
6.21697
6.21697
6.21697
6.21697
6.21697
6.21697
6.21697
6.21697
6.21697
6.21697
6.21697
6.21697
6.21697
6.21697
6.21697
6.21697
6.21697
6.21697
6.21697
6.21697
6.21697
6.21697
6.21697
6.21697
6.21697
6.21697
6.21697
6.21697
6.21697
6.21697
6.21697
6.21697
6.21697
6.21697
6.21697
6.21697
6.21697
6.21697
6.21697
6.21697
6.21697
6.21697
6.21697
6.21697
6.21697
6.21697
6.21697
6.21697
6.21697
6.21697
6.21697
6.21697
6.21697
6.21697
6.21697
6.21697
6.21697
6.21697
6.21697
6.21697
6.21697
6.21697
6.21697
6.21697
6.21697
6.21697
6.21697
6.21697
6.21697
6.21697
6.21697
6.21697
6.21697
6.21697
6.21697
6.21697
6.21697
6.21697
6.21697
6.21697
6.21697
6.21697
6.21697
6.21697
6.21697
6.21697
6.21697
6.21697
6.21697
6.21697
6.21697
6.21697
6.21697
6.21697
6.21697
6.21697
6.21697
6.21697
6.21697
6.21697
6.21697
