38.9718
37.9956
36.2263
35.0748
33.8434
32.9106
32.4801
31.9815
31.3086
30.3651
30.3674
29.954
29.2109
28.5162
28.1674
27.8001
27.2662
27.1092
26.8505
25.8466
25.7617
25.5268
24.9164
25.2379
25.0144
25.3125
24.5813
24.38
23.9315
23.9827
24.0268
24.6924
23.9976
24.3455
24.0764
23.8015
24.1732
24.4121
24.6058
24.7053
24.8127
23.4272
23.3022
22.9394
22.5178
23.0171
22.4306
22.9625
22.6674
22.5589
22.1613
21.4602
20.417
20.7405
20.7025
19.6152
19.248
19.4133
18.1698
17.5158
17.3852
17.7624
18.2668
18.3622
18.2705
18.8042
18.3673
18.4684
18.5558
18.5131
18.414
18.1596
17.7047
16.7681
16.7512
17.0067
17.0636
17.1771
17.0073
16.1628
16.2409
16.2506
16.2506
16.2335
16.4151
16.0149
15.416
15.4086
15.9774
16.1655
16.8813
17.0152
15.8507
15.3621
15.0155
15.0455
15.7226
15.6051
15.6689
14.974
14.7201
14.733
14.4365
14.8795
14.5633
14.1992
15.1748
16.461
15.5825
15.1918
15.9323
15.7947
16.0451
16.3678
15.5385
15.8028
16.0151
15.5395
14.9315
15.2137
15.7979
15.0679
15.3847
15.526
14.7358
14.5602
13.8599
14.2383
14.2872
14.2386
14.4721
14.312
13.4979
12.62
12.4224
12.9529
13.3515
13.8547
14.4358
14.7021
14.6125
14.3552
14.5569
15.2356
14.4986
13.9212
13.6572
13.5185
13.5178
13.0548
13.0463
12.932
13.2506
13.4815
13.4227
13.2907
12.9703
13.0634
13.1871
13.1461
13.9002
14.3391
14.82
14.9258
14.5169
13.9784
14.3881
15.0641
14.8381
14.7544
14.595
14.4547
14.216
14.4882
15.209
13.8973
13.5078
12.6513
12.7543
12.842
12.8144
13.2914
13.4759
13.9442
13.917
14.6364
13.6871
13.6705
13.1308
13.3159
13.017
12.6725
11.8266
12.2895
11.7406
12.3828
12.4792
12.3435
12.5023
12.775
12.3237
13.0426
13.2194
12.3492
12.7442
12.5036
12.269
12.1038
11.9758
11.042
10.1198
11.3054
11.4927
12.3809
12.3201
12.1121
12.5126
12.312
11.2482
11.6071
11.686
12.3908
11.6524
11.9382
12.1038
11.8957
11.3667
11.2719
11.4508
11.2353
11.0411
10.4351
9.5971
10.5524
10.5243
11.2883
11.9483
12.5831
12.2777
11.6721
11.8283
11.4663
12.0676
12.1971
11.9069
11.6041
11.9026
12.8546
12.4433
13.5969
11.8329
12.0141
12.0711
11.1684
11.1058
11.8346
12.2773
12.0111
11.109
10.4566
10.1548
12.3588
12.6715
11.6573
11.6517
10.5616
10.306
10.3325
10.4942
11.0682
10.9443
10.669
10.633
10.8662
10.9746
10.0318
9.64232
10.9103
10.6673
10.3497
10.1009
10.366
10.3965
11.2906
11.9184
10.9759
11.0233
11.0961
11.2973
11.3497
11.9247
13.229
12.5303
12.9198
11.5744
11.5286
10.8715
10.6706
10.9175
11.1862
12.144
12.1338
12.141
11.7758
12.6647
13.5696
13.5216
14.2932
12.6989
12.2968
12.4578
12.2356
11.7406
12.028
11.4318
12.5096
13.116
13.3547
13.5183
13.1779
13.0774
13.4027
13.7273
13.7867
12.4495
12.116
12.3485
12.6481
12.4957
11.3094
11.6108
11.8727
12.1009
12.6092
11.759
12.3229
12.3027
11.6373
12.0094
12.3547
12.1852
11.8939
12.0918
12.8645
12.967
13.8114
14.2474
14.0181
13.322
13.8859
12.9696
13.4668
12.8196
13.2191
13.7066
13.9864
13.6986
13.2605
12.9475
12.5814
13.6813
13.8567
13.7087
13.6681
13.0202
12.2739
11.4358
11.8361
11.1937
10.5509
11.5569
11.1602
12.1149
12.3506
11.7
10.9525
10.8368
10.9431
11.1687
9.8677
10.1876
10.9287
10.9397
10.0412
9.94083
10.5888
10.5573
11.632
11.9366
10.8093
11.5277
11.1751
10.9906
10.857
11.2406
11.5749
11.1223
11.3983
11.3879
11.0312
11.3324
12.1717
13.274
13.634
13.9038
14.2681
14.3077
14.0068
13.5274
14.4637
14.3369
14.477
13.8689
14.4167
14.4362
13.7332
13.5017
13.8051
12.7743
12.4559
12.2002
13.0916
13.2277
12.2241
11.8777
12.8596
11.2497
11.6182
10.8779
10.8776
10.6499
9.76852
10.3395
11.6055
11.1582
11.3204
11.5659
12.234
11.5597
12.1503
12.5616
13.0717
12.244
12.183
11.8191
12.0137
12.1302
12.4715
12.4246
12.0808
11.9397
11.8025
12.4712
12.3051
12.923
13.7188
13.0009
12.7455
12.3398
12.1723
12.8745
12.6918
12.7484
12.0922
12.4569
12.877
12.7376
13.5793
13.3987
13.0809
12.7028
12.0816
12.5497
13.1621
13.8225
13.6214
13.7355
14.5034
12.8427
12.6951
11.4293
11.0921
11.4307
12.4069
12.2269
13.3243
12.696
12.8809
13.241
13.7316
13.9105
13.6079
14.1011
13.6533
13.1084
13.4916
13.4456
13.2678
12.311
12.6749
12.8611
13.4078
13.6259
13.9371
13.9814
13.3388
13.8568
13.6908
13.825
13.1878
13.0455
12.6728
12.3461
12.0821
11.8224
12.0847
11.521
11.6317
12.7159
12.7748
12.1429
12.7697
12.4671
12.4594
12.4995
12.0043
12.0053
12.4211
12.8585
12.781
13.906
13.7959
13.6535
13.066
12.557
12.4061
12.131
11.4964
12.7877
12.1334
11.7626
11.127
11.3589
11.9795
12.3629
12.4893
12.1755
12.3706
12.7759
12.5833
12.3432
11.4909
10.7729
10.2621
10.4212
10.9277
11.1825
11.258
11.7491
12.0348
11.5278
10.3291
10.2609
10.3454
10.3502
10.6487
10.7571
10.935
11.2006
11.3464
10.6762
10.5353
10.3706
11.2574
11.2998
10.5707
9.20105
9.75986
10.7772
11.2849
11.0461
10.7143
9.72809
10.1188
10.1312
10.5784
11.615
11.9495
11.5905
11.9294
12.3338
12.7606
11.9242
12.5285
11.809
12.8163
13.0865
12.8746
13.0552
12.6646
13.262
13.6515
14.0251
12.6376
11.756
11.6837
11.8788
11.7273
10.9925
11.0322
11.6669
12.0471
11.9492
12.0653
12.3094
12.7471
12.889
12.2106
11.0566
11.5221
11.779
11.0498
10.582
10.5883
10.4917
11.396
12.0127
12.0308
12.6143
12.2088
12.9638
12.8331
12.9494
13.0879
12.6299
12.9818
12.3878
12.1264
12.2036
11.984
12.8136
13.0584
12.4239
12.3349
12.037
12.4512
11.8236
12.6524
11.7551
11.192
11.7456
12.1839
11.4495
10.9905
11.2823
10.7867
12.0606
12.4603
12.2293
12.7464
12.8256
12.5006
13.0235
12.4564
12.4319
11.9172
11.4419
10.5945
10.8657
11.4482
11.4364
10.4549
10.9525
12.1302
12.3064
12.5315
12.8614
11.6994
11.7669
12.6097
12.8689
12.2845
11.0715
12.0445
12.5682
12.545
13.4676
13.9386
13.6337
12.449
12.9613
12.6325
12.9439
13.9227
14.3028
14.3547
14.6935
14.215
13.9801
13.0663
12.7383
13.1846
12.2558
11.7271
11.7257
11.8047
11.491
11.3757
12.0234
12.4964
12.5605
13.4901
13.201
12.8056
13.7436
12.7596
12.8023
13.7394
13.7456
13.4874
13.2842
14.336
13.7907
12.9347
12.2761
12.7916
14.1621
14.3901
14.5649
14.3977
13.7942
13.1462
12.4479
13.9639
14.2962
14.6102
15.141
15.4255
16.1734
16.2908
16.9369
16.0681
16.4006
17.2753
16.029
16.1846
16.0081
15.7217
15.254
15.0541
15.4338
16.3125
15.5608
14.7256
15.6707
16.3277
15.9575
15.9292
14.8393
15.5555
15.656
16.1929
15.6763
14.4948
15.7497
14.4384
14.9592
14.9051
15.048
14.9031
14.6895
14.4692
14.8134
14.2633
14.3011
14.6552
14.3446
14.6771
14.0849
13.9009
14.4504
14.7946
15.1429
16.1928
15.2688
15.5228
15.8692
15.6884
15.3075
15.4135
15.227
14.6337
15.2599
15.5342
15.9119
15.0636
16.1978
16.9234
16.0069
16.3739
16.4741
16.8643
16.7912
16.6696
17.0282
16.649
16.2608
16.0304
16.0468
16.2478
15.4519
15.4482
15.4238
15.6812
15.1983
15.3772
15.9126
15.4992
15.043
14.744
14.9902
15.281
15.4086
15.613
17.1528
16.7693
16.9521
15.9941
15.8818
15.6335
15.4561
15.2375
15.708
14.7232
15.1675
14.0987
14.39
14.5404
14.9745
14.5514
13.7601
14.9147
14.204
13.9234
13.8341
14.2385
13.8801
13.9247
14.0297
14.6865
14.6614
13.8398
14.8955
14.8043
15.3874
15.0439
15.0623
15.0815
15.392
14.8752
15.7901
16.5394
16.8067
16.775
16.9875
16.5424
16.1975
15.9945
16.1674
16.2345
16.6381
16.05
16.7115
17.4225
17.0887
16.5726
16.6974
16.3136
15.7493
15.8888
15.582
14.7547
14.5742
14.6323
15.005
14.5141
13.9967
13.1333
13.7337
14.884
13.3408
13.0921
12.1057
12.3253
12.569
12.784
13.1613
13.6612
13.8737
13.426
14.099
14.6299
14.399
14.3056
14.2068
13.7921
14.5506
14.7525
15.2732
14.9901
14.2725
14.381
14.569
13.793
14.7547
15.0179
16.3725
16.9136
16.6851
17.2025
17.144
16.4197
16.7828
16.4968
16.9273
16.3351
15.8076
16.8683
17.3845
17.2412
16.8505
15.8656
16.179
16.1659
16.1235
16.2945
15.1061
15.3247
15.7193
14.3225
14.0398
14.5114
14.2497
14.9161
14.8077
15.6146
15.7076
15.77
15.6436
15.2666
15.2392
15.6014
14.9145
14.9679
15.7278
15.5082
15.9182
16.5529
15.7708
15.8234
15.3935
16.1358
15.8992
15.5733
15.2834
14.2664
14.3871
15.3213
14.5631
14.9511
15.2767
14.9622
14.9862
14.6259
14.0477
14.4954
14.9976
15.0518
14.7246
14.7435
14.3573
14.4042
13.8084
13.4328
13.5207
13.7205
14.092
14.6171
14.8489
15.2555
15.1734
14.9768
14.3054
14.1406
13.8093
14.0608
14.201
14.4891
14.6079
14.7656
