37.8375
34.0126
31.4138
28.7973
26.632
25.6559
24.0163
21.9457
20.3843
19.6288
18.6494
18.2243
17.5677
17.0738
17.5833
16.7828
16.5208
16.4164
16.776
15.9546
15.7178
15.1734
14.2255
13.4142
13.0807
12.6892
12.4492
11.7807
12.5309
12.2668
11.6476
11.7307
11.3473
11.5146
11.0656
10.3836
10.1062
9.76685
9.63695
9.48498
9.67602
9.42454
9.86384
9.34664
9.35022
9.30331
8.62094
8.68476
8.14298
8.49156
8.37584
8.16169
8.14011
8.41047
8.67343
8.32574
7.99974
8.43089
8.33233
8.3161
8.21574
8.19373
7.92986
7.87872
7.79926
7.99762
7.90513
7.96993
8.06364
8.34504
8.12554
7.97125
7.84855
8.09468
7.88518
7.87568
8.237
8.12347
8.03942
8.06841
8.215
7.54888
7.30021
7.14733
7.06026
6.74098
6.63298
6.74691
6.78342
6.58983
6.66338
6.59038
6.59563
6.63286
7.22748
6.77875
6.90264
6.74146
6.96929
6.65318
6.81885
6.7542
6.9829
6.68397
6.6405
6.74469
6.56995
6.72124
7.07834
7.04241
6.56261
6.87703
6.57369
6.705
6.77585
6.89591
7.08815
7.58735
6.95753
7.12773
6.67389
6.57127
6.61367
6.6
6.63023
6.83763
6.63005
6.87815
7.26578
7.09344
6.8181
6.68535
6.59352
6.74519
6.60321
6.74272
6.68624
6.56845
6.77108
6.88607
7.09926
6.74067
6.97321
6.98405
6.94396
6.84939
6.88037
6.83759
6.56037
6.65389
6.7989
7.19238
6.78702
6.7379
6.70081
6.72094
6.52297
6.51626
6.91977
6.90153
6.69481
6.56895
6.67736
6.73213
6.64683
6.66472
6.71797
6.52998
6.79069
7.12104
6.80663
6.87575
6.70627
7.0789
6.80555
7.19472
6.78379
6.64178
7.10045
6.6953
7.02938
6.77127
6.54248
6.99091
6.89818
6.98847
6.8262
6.59587
6.51626
6.74374
6.56786
6.91022
7.05765
7.11994
6.9568
6.65455
6.6511
6.58826
6.83288
7.12187
6.8214
6.59272
6.54827
6.77715
6.67558
6.77151
6.98252
6.70869
6.51626
6.59307
6.92792
6.97783
6.61592
7.36104
6.83568
6.81368
6.52404
6.80167
6.77405
7.03523
6.79868
6.90418
7.06599
7.00495
6.976
6.70404
6.80357
6.68225
6.51836
6.51626
6.6105
7.00363
6.71026
6.67832
6.59649
6.76911
6.84646
6.6673
6.71128
6.51649
6.59371
6.53402
6.51626
6.8745
6.78284
6.52568
6.59095
7.00637
6.90639
6.51626
6.87624
6.53565
6.60535
6.81544
6.7531
6.6451
6.60035
6.58574
6.60371
6.48525
6.45573
6.36153
6.44205
6.23729
6.22473
6.38299
6.21697
6.38842
6.83548
6.226
6.21933
6.21697
6.62138
6.3534
6.34422
6.48991
6.6446
6.88627
6.56511
6.62732
6.5902
6.60118
6.76372
6.44319
6.62899
6.77419
6.43772
6.7331
6.31453
6.31777
6.21697
6.40304
6.55472
6.35745
6.75432
6.55649
6.3465
6.2206
6.27708
6.43521
6.53148
6.45607
6.55746
6.25877
6.436
6.57864
6.36101
6.25808
6.81073
6.49414
6.33209
6.3374
6.34855
6.33794
6.60002
6.66486
6.77172
6.44144
6.40422
6.21738
6.61977
6.64433
6.4319
6.45129
6.28855
6.60299
6.55005
6.59125
6.3103
6.25115
6.21697
6.5222
6.40564
6.30319
6.90918
6.5084
6.21697
6.25156
6.2439
6.24989
6.50249
6.74237
6.41843
6.44678
6.55284
6.26124
6.26696
6.5813
6.73627
6.77512
6.21697
6.40008
6.47459
6.26533
6.3858
6.36199
6.57302
6.36309
6.26267
6.21697
6.26399
6.25247
6.3263
6.25476
6.28285
6.80599
6.55238
6.30647
6.3394
6.26706
6.47326
6.28949
6.47458
6.44961
6.2436
6.34088
6.55635
6.33332
6.40954
6.63861
6.68484
6.86546
6.76655
6.68746
6.39234
6.22271
6.27889
6.28594
6.48273
6.82058
6.7423
6.308
6.43654
6.43244
6.42887
6.34949
6.68105
6.80085
6.37103
6.71755
6.47189
6.56123
6.61937
6.85751
6.24284
6.21697
6.27709
6.50923
6.66334
6.38482
6.37405
6.25073
6.29435
6.2511
6.42033
6.47201
6.40245
6.58424
7.23202
6.67893
6.61207
6.43422
6.26237
6.91421
6.40603
6.54113
6.48145
6.52287
6.54331
6.51323
6.2494
6.30629
6.30794
6.23781
6.4328
6.25257
6.41511
6.52035
6.60424
6.34348
6.36089
6.34783
6.34036
6.47218
6.53379
6.30354
6.36631
6.22507
6.2399
6.23705
6.37215
6.51055
6.28248
6.41336
6.37031
6.36068
6.46722
6.31271
6.26396
6.25423
6.36184
6.23596
6.4522
6.5383
6.28301
6.31629
6.86085
6.32011
6.28583
6.23638
6.33167
6.21697
6.52025
6.43477
6.61257
6.8523
6.39862
6.29208
6.23324
6.25121
6.31658
6.54835
7.02875
6.44753
6.8466
6.49802
6.42472
6.52621
6.21697
6.21697
6.2363
6.5412
6.27581
6.35516
6.78514
6.41977
6.58268
6.42236
6.21746
6.28217
6.40507
6.85673
6.36352
6.32923
6.38682
6.78633
6.68317
6.23586
6.22481
6.2382
6.75521
6.29514
6.26838
6.39422
6.37183
6.89455
6.42317
6.29387
6.42698
6.22309
6.2439
6.25852
6.33745
6.39519
6.48645
6.68024
6.46487
6.32869
6.82847
6.47298
6.42708
6.2748
6.21697
6.36851
6.57562
6.48361
6.22737
6.30771
6.28741
6.54897
6.21697
6.25591
6.31087
6.52313
6.29824
6.69994
6.78309
6.45755
6.39784
6.53265
6.30334
6.39825
6.53912
6.32133
6.33582
6.24005
6.61932
6.38191
6.36107
6.30805
6.33409
6.33627
6.52944
6.21697
6.33095
6.51748
6.67957
6.79002
6.76647
6.6841
6.38711
6.42652
6.67953
6.34324
6.61746
6.44388
6.21697
6.2854
6.25323
6.85665
6.47687
6.45006
6.46067
6.51893
6.37893
6.58412
6.27648
6.4978
6.49778
6.48257
6.61785
6.30443
6.30629
6.28183
6.32776
6.47908
6.36366
6.21697
6.6475
6.39576
6.31994
6.44802
6.31588
6.58254
6.5452
6.53992
6.43261
6.326
6.48685
6.27332
6.32555
6.40318
6.85714
6.48976
6.34752
6.21697
6.21697
6.49632
6.28249
6.77212
6.54079
6.26378
6.7443
6.3111
6.64135
6.34599
6.23308
6.56862
6.3966
6.2647
6.29586
6.31654
6.52923
6.81961
6.29097
6.57809
6.33604
6.63305
6.33156
6.2706
6.37006
6.21697
6.21697
6.56929
6.42596
6.4817
6.43754
6.2686
6.3954
6.37876
6.37221
6.37089
6.22044
6.34455
6.31001
6.44853
6.22201
6.22922
6.25047
6.24536
6.21697
6.56264
6.30104
6.2841
6.24156
6.40825
6.72245
6.59836
6.32889
6.23653
6.5448
6.78843
6.4486
6.87148
6.36095
6.37457
6.63552
6.85152
6.2887
6.4247
6.51537
6.37299
6.29102
6.2402
6.55254
6.8881
6.61777
6.44118
6.44638
6.32871
6.32678
6.68848
6.59238
6.40661
6.48393
6.23735
6.5511
6.58781
6.81101
6.38017
6.52644
6.47046
6.84757
6.26729
6.48695
6.52357
6.42653
6.39294
6.42962
6.52489
6.26424
6.27737
6.46196
6.37853
6.43502
6.43569
6.40764
6.39194
6.5766
6.27296
6.3875
6.51476
6.66922
6.24458
6.35643
6.45301
6.42471
6.70244
6.30918
6.2483
6.30812
6.35921
6.79758
6.3421
6.32922
6.3237
6.4885
6.48177
6.41549
6.36353
6.52394
6.57662
6.69142
6.53197
6.21916
6.28633
6.44556
6.99279
6.85821
6.78787
6.41241
6.32047
6.27603
6.25762
6.73054
6.28011
6.2954
6.26846
6.21697
6.21697
6.26565
6.51966
6.37232
6.42378
6.63561
6.37562
6.37385
6.21697
6.66516
6.4889
6.41316
6.24838
6.88216
6.78629
6.37433
6.31092
6.3747
6.49759
6.3866
6.31742
6.40267
6.51456
6.57797
6.40771
6.28757
6.74305
6.55756
6.69669
6.53301
6.46648
6.45535
6.32171
6.404
6.26111
6.39455
6.33207
6.21697
6.73953
6.3864
6.4832
6.463
6.50356
6.23175
6.54315
6.42844
6.35715
6.43782
6.30713
6.2429
6.40301
6.3222
6.40973
6.37764
6.27679
6.27461
6.49014
6.24094
6.51705
6.46051
6.31309
6.64509
6.39893
6.38035
6.49716
6.21697
6.32317
6.36001
6.49293
6.62523
6.59421
6.36269
6.35131
6.37688
6.3659
6.67362
6.6479
6.53807
6.3561
6.29945
6.35783
6.40422
6.58661
6.22825
6.34438
6.39748
6.31279
6.41719
6.64557
6.72164
6.2795
6.37177
6.35346
6.47647
6.91301
6.62196
6.22137
6.25968
6.69037
6.77839
6.61889
6.76941
6.3221
6.24152
6.53143
6.33926
6.4085
6.48294
6.21951
6.3958
6.2671
6.32301
6.59146
6.429
6.49127
6.37051
6.46484
6.2714
6.41139
6.71935
6.45615
6.8664
6.21697
6.44162
6.46634
6.26705
6.26969
6.28797
6.33101
6.78248
6.76026
6.80887
6.59886
6.74435
6.27314
6.26225
6.4453
6.4197
6.50755
6.56056
6.58383
6.6454
6.36927
6.42244
6.25444
6.46546
6.54717
6.63816
6.25396
6.28094
6.24488
6.39256
6.49401
6.71395
6.51145
6.29795
6.47649
6.2927
6.35139
6.23819
6.27191
6.65428
6.91804
6.54849
6.22995
6.32092
6.34444
6.3035
6.23807
6.25513
6.38727
6.47846
6.50201
6.4047
6.21697
6.31534
6.55833
6.47488
6.21834
6.55305
6.83936
6.45961
6.52857
6.24437
6.30339
6.45703
6.60263
7.32296
6.68142
6.45725
6.47256
6.54583
6.40535
6.60379
6.53262
6.37127
6.47071
6.46534
6.53986
6.48767
6.55128
6.2559
6.24963
6.27325
6.70084
6.27417
6.34172
6.5896
6.27497
6.9425
6.2361
6.54745
6.57448
6.40093
6.26659
6.30865
6.27936
6.32145
6.57678
6.50024
6.28798
6.29544
6.55465
6.22735
6.32339
6.46273
6.38153
6.5238
6.22914
6.23855
6.25795
6.29258
6.4237
6.40576
6.34132
6.24821
6.22519
6.47625
6.44802
6.486
6.60563
