27.6808
26.5751
26.1058
25.4328
24.925
24.5881
24.1511
23.4318
23.0626
22.9404
22.6761
22.1762
21.7818
21.5329
21.4268
21.1957
21.0149
20.7004
20.3835
20.2128
20.0765
19.6864
18.9278
18.5568
18.4291
18.1511
17.7101
17.4646
17.3651
17.235
17.0158
16.7611
16.6615
16.5492
16.4649
16.265
15.9637
15.9024
15.9024
15.9024
15.9024
15.9024
15.899
15.8552
15.7497
15.7089
15.6457
15.5477
15.2404
15.0992
15.0495
15.0453
14.9891
14.8503
14.6186
14.4404
14.282
14.2528
14.194
14.1021
14.0966
14.0966
14.0966
14.0966
14.0966
14.0966
14.0876
13.9991
13.8389
13.8348
13.8348
13.8348
13.8348
13.8327
13.8122
13.7447
13.7324
13.7324
13.7324
13.7324
13.731
13.7114
13.6624
13.6624
13.6624
13.6624
13.6615
13.6526
13.6252
13.6175
13.6125
13.5725
13.4081
13.3289
13.2395
13.2187
13.2187
13.2187
13.2187
13.2187
13.2187
13.2187
13.2187
13.2141
13.155
13.0102
12.9911
12.9911
12.9911
12.9911
12.9911
12.9911
12.9911
12.9911
12.9911
12.9911
12.9911
12.9911
12.9911
12.9911
12.9911
12.9911
12.9911
12.9911
12.9911
12.9911
12.9911
12.9911
12.9911
12.9911
12.9911
12.9911
12.9911
12.9911
12.9911
12.9911
12.9911
12.9911
12.9874
12.954
12.8538
12.8055
12.8055
12.8055
12.8055
12.8055
12.8055
12.8055
12.8055
12.8054
12.8038
12.8003
12.7988
12.7988
12.7988
12.7988
12.7988
12.7988
12.7988
12.7988
12.7988
12.7988
12.7988
12.7988
12.7963
12.7522
12.6786
12.6761
12.6761
12.6761
12.6685
12.555
12.3414
12.2861
12.172
11.8481
11.7267
11.7267
11.7267
11.7267
11.7267
11.7265
11.722
11.7161
11.7149
11.7149
11.7149
11.7149
11.7149
11.7141
11.7007
11.681
11.6702
11.6702
11.6702
11.6702
11.6702
11.6702
11.6702
11.6699
11.6649
11.6536
11.6536
11.6536
11.6528
11.6396
11.6123
11.6123
11.6123
11.6038
11.4842
11.2537
11.1852
11.1852
11.1852
11.1852
11.1852
11.1852
11.1852
11.1852
11.1852
11.1821
11.1357
11.043
11.0306
11.0306
11.0306
11.0306
11.0306
11.0306
11.0306
11.0306
11.0306
11.0306
11.0306
11.0306
11.0306
11.0306
11.0306
11.0306
11.0306
11.0306
11.0306
11.0306
11.0306
11.0306
11.0306
11.0306
11.0306
11.0306
11.0306
11.0306
11.0306
11.0306
11.0306
11.0306
11.0306
11.0306
11.0306
11.0306
11.0306
11.0306
11.0306
11.0306
11.0306
11.0306
11.0306
11.0306
11.0306
11.0306
11.0306
11.0306
11.0306
11.0306
11.0306
11.0306
11.0306
11.0306
11.0306
11.0306
11.0306
11.0306
11.0306
11.0306
11.0306
11.0306
11.0306
11.0306
11.0306
11.0306
11.0306
11.0306
11.0306
11.0306
11.0306
11.0306
11.0306
11.0306
11.0306
11.0306
11.0306
11.0306
11.0199
10.7852
10.5184
10.497
10.497
10.497
10.497
10.497
10.497
10.497
10.497
10.497
10.497
10.497
10.497
10.497
10.497
10.497
10.497
10.497
10.497
10.497
10.497
10.497
10.497
10.497
10.497
10.497
10.497
10.497
10.497
10.497
10.497
10.497
10.497
10.497
10.497
10.497
10.497
10.497
10.497
10.497
10.497
10.497
10.497
10.497
10.497
10.497
10.497
10.497
10.497
10.497
10.497
10.497
10.497
10.497
10.497
10.497
10.497
10.497
10.497
10.497
10.497
10.497
10.497
10.497
10.497
10.497
10.497
10.497
10.497
10.497
10.497
10.497
10.497
10.497
10.497
10.497
10.497
10.497
10.497
10.497
10.497
10.497
10.497
10.497
10.497
10.497
10.497
10.497
10.497
10.497
10.497
10.497
10.497
10.497
10.497
10.497
10.497
10.497
10.497
10.497
10.497
10.497
10.497
10.497
10.497
10.497
10.497
10.497
10.497
10.497
10.497
10.497
10.497
10.497
10.497
10.497
10.497
10.497
10.497
10.497
10.497
10.497
10.497
10.497
10.497
10.497
10.497
10.497
10.497
10.497
10.497
10.497
10.497
10.497
10.497
10.497
10.497
10.497
10.497
10.497
10.497
10.497
10.497
10.497
10.497
10.497
10.497
10.497
10.497
10.497
10.497
10.497
10.497
10.497
10.497
10.497
10.497
10.497
10.497
10.497
10.497
10.497
10.497
10.497
10.497
10.497
10.497
10.497
10.497
10.497
10.497
10.497
10.497
10.497
10.497
10.497
10.497
10.497
10.497
10.497
10.497
10.497
10.497
10.497
10.497
10.497
10.497
10.497
10.497
10.497
10.497
10.497
10.497
10.497
10.497
10.497
10.497
10.497
10.497
10.497
10.497
10.497
10.497
10.497
10.497
10.497
10.497
10.497
10.497
10.497
10.497
10.497
10.497
10.497
10.497
10.497
10.497
10.497
10.497
10.497
10.497
10.497
10.497
10.497
10.497
10.497
10.497
10.497
10.497
10.497
10.497
10.497
10.497
10.497
10.497
10.497
10.497
10.497
10.497
10.497
10.497
10.497
10.497
10.497
10.497
10.497
10.497
10.497
10.497
10.497
10.497
10.497
10.497
10.497
10.497
10.497
10.497
10.497
10.497
10.497
10.497
10.497
10.497
10.497
10.497
10.497
10.497
10.497
10.497
10.497
10.497
10.497
10.497
10.497
10.497
10.497
10.497
10.497
10.497
10.497
10.497
10.497
10.497
10.49
10.4201
10.2802
10.1652
10.1472
10.1472
10.1472
10.1472
10.1472
10.1472
10.1472
10.1472
10.1472
10.1472
10.1472
10.1472
10.1472
10.1472
10.1472
10.1472
10.1472
10.1472
10.1472
10.1472
10.1472
10.1472
10.1472
10.1472
10.1472
10.1472
10.1472
10.1472
10.1472
10.1472
10.1472
10.1472
10.1472
10.1472
10.1472
10.1472
10.1472
10.1472
10.1472
10.1472
10.1472
10.1472
10.1472
10.1472
10.1472
10.1472
10.1472
10.1472
10.1472
10.1472
10.1472
10.1472
10.1472
10.1472
10.1472
10.1472
10.1472
10.1472
10.1472
10.1472
10.1472
10.1472
10.1472
10.1472
10.1472
10.1472
10.1472
10.1472
10.1472
10.1472
10.1472
10.1472
10.1472
10.1472
10.1472
10.1472
10.1472
10.1472
10.1472
10.1472
10.1472
10.1472
10.1472
10.1472
10.1472
10.1472
10.1472
10.1472
10.1472
10.1472
10.1472
10.1472
10.1472
10.1472
10.1472
10.1472
10.1472
10.1472
10.1472
10.1472
10.1472
10.1472
10.1472
10.1472
10.1472
10.1472
10.1472
10.1472
10.1472
10.1472
10.1472
10.1472
10.1472
10.1472
10.1472
10.1472
10.1472
10.1472
10.1472
10.1472
10.1472
10.1472
10.1472
10.1472
10.1472
10.1472
10.1472
10.1472
10.1472
10.1466
10.1376
10.1184
10.1152
10.1152
10.1152
10.1152
10.1152
10.1152
10.1152
10.1152
10.1152
10.1152
10.1152
10.1152
10.1152
10.1152
10.1152
10.1152
10.1152
10.1152
10.1152
10.1152
10.1152
10.1152
10.1152
10.1152
10.1152
10.1152
10.1152
10.1152
10.1152
10.1152
10.1152
10.1152
10.1152
10.1152
10.1152
10.1152
10.1152
10.1152
10.1152
10.1152
10.1152
10.1152
10.1152
10.1152
10.1152
10.1152
10.1152
10.1152
10.1152
10.1152
10.1152
10.1152
10.1152
10.1152
10.1152
10.1152
10.1152
10.1152
10.1152
10.1152
10.1152
10.1152
10.1152
10.1152
10.1152
10.1152
10.1152
10.1152
10.1152
10.1152
10.1152
10.1152
10.1152
10.1152
10.1152
10.1152
10.1152
10.1152
10.1152
10.1152
10.1152
10.1152
10.1152
10.1152
10.1152
10.1152
10.1152
10.1152
10.1152
10.1152
10.1152
10.1152
10.1152
10.1152
10.1152
10.1152
10.1152
10.1152
10.1152
10.1152
10.1152
10.1152
10.1152
10.1152
10.1152
10.1152
10.1152
10.1152
10.1152
10.1152
10.1152
10.1152
10.1152
10.1152
10.1152
10.1152
10.1152
10.1152
10.1152
10.1152
10.1152
10.1152
10.1152
10.1152
10.1152
10.1152
10.1152
10.1152
10.1152
10.1152
10.1152
10.1152
10.1152
10.1152
10.1152
10.1152
10.1152
10.1152
10.1152
10.1152
10.1152
10.1152
10.1152
10.1152
10.1152
10.1152
10.1152
10.1152
10.1152
10.1152
10.1152
10.1152
10.1152
10.1152
10.1152
10.1152
10.1152
10.1152
10.1152
10.1152
10.1152
10.1152
10.1152
10.1152
10.1152
10.1152
10.1152
10.1152
10.1152
10.1152
10.1152
10.1152
10.1152
10.1152
10.1152
10.1152
10.1152
10.1152
10.1152
10.1152
10.1152
10.1152
10.1152
10.1152
10.1152
10.1152
10.1152
10.1152
10.1152
10.1152
10.1152
10.1152
10.1152
10.1152
10.1152
10.1152
10.1152
10.1152
10.1152
10.1152
10.1152
10.1152
10.1152
10.1152
10.1152
10.1152
10.1152
10.1152
10.1152
10.1152
10.1152
10.1152
10.1152
10.1152
10.1152
10.1152
10.1152
10.1152
10.1152
10.1152
10.1152
10.1152
10.1152
10.1152
10.1152
10.1152
10.1152
10.1152
10.1152
10.1152
10.1152
10.1152
10.1152
10.1152
10.1152
10.1152
10.1152
10.1152
10.1152
10.1152
10.1152
10.1152
10.1152
10.1152
10.1152
10.1152
10.1152
10.1152
10.1152
10.1152
10.1152
10.1152
10.1152
10.1152
10.1152
10.1152
10.1152
10.1152
10.1152
10.1152
10.1152
10.1152
10.1152
10.1152
10.1152
10.1152
10.1152
10.1152
10.1152
10.1152
10.1152
10.1152
10.1152
10.1152
10.1152
10.1152
10.1152
