37.8207
35.1561
32.5363
29.8414
27.8601
27.1732
26.9533
26.2823
25.5428
25.0907
24.4709
23.6957
22.8552
22.2344
21.5418
20.8527
20.6815
20.4707
20.1301
19.8897
19.5612
18.6703
18.1776
17.8507
17.7659
17.4781
17.1296
17.1203
16.686
16.3295
16.2797
16.2169
16.1519
16.079
15.9697
15.8567
15.6374
15.5834
14.9885
14.2519
13.3588
12.7332
12.5857
12.5788
12.5788
12.5788
12.5787
12.5876
12.5171
12.4254
12.3599
12.3598
12.3545
12.3124
12.1972
12.0979
12.0943
12.0348
11.9548
11.8832
11.8322
11.8245
11.8157
11.808
11.7296
11.4397
11.3791
11.3676
11.3668
11.3522
11.3252
11.2419
11.0832
11.2292
10.9872
10.9387
10.9374
10.9308
10.9235
10.9048
10.8706
10.8511
10.8501
10.8364
10.7133
10.3578
10.1663
10.1659
10.1596
10.1398
10.1407
10.0597
9.86898
9.5796
9.13262
9.0591
9.03726
9.02393
9.02393
9.02393
9.02393
9.02393
9.02393
9.02393
9.02393
9.02271
9.01662
9.09299
8.89762
8.86239
8.7476
8.70579
8.64075
8.38776
8.01718
7.5294
7.12833
7.07753
7.07753
7.07753
7.07753
7.07753
7.07609
7.05689
7.02083
6.99692
6.98575
6.98307
6.98307
6.98307
6.97501
6.87074
6.69832
6.61904
6.61904
6.61904
6.61904
6.61904
6.61545
7.08596
6.73773
6.54742
6.5291
6.5291
6.5291
6.5291
6.5291
6.5291
6.52899
6.5271
6.52411
6.52355
6.52355
6.52355
6.52355
6.52355
6.52355
6.52355
6.52355
6.52355
6.52355
6.52087
6.48064
6.39358
6.38944
6.38944
6.38944
6.38944
6.38944
6.38944
6.38944
6.38599
6.33425
6.23422
6.21697
6.21697
6.21697
6.21697
6.21697
6.21697
6.21697
6.21697
6.21697
6.21697
6.21697
6.21697
6.21697
6.21697
6.21697
6.21697
6.21697
6.21697
6.21697
6.21697
6.21697
6.21697
6.21697
6.21697
6.21697
6.21697
6.21697
6.21697
6.21697
6.21697
6.21697
6.21697
6.21697
6.21697
6.21697
6.21697
6.21697
6.21697
6.21697
6.21697
6.21697
6.21697
6.21697
6.21697
6.21697
6.21697
6.21697
6.21697
6.21697
6.21697
6.21697
6.21697
6.21697
6.21697
6.21697
6.21697
6.21697
6.21697
6.21697
6.21697
6.21697
6.21697
6.21697
6.21697
6.21697
6.21697
6.21697
6.21697
6.21697
6.21697
6.21697
6.21697
6.21697
6.21697
6.21697
6.21697
6.21697
6.21697
6.21697
6.21697
6.21697
6.21697
6.21697
6.21697
6.21697
6.21697
6.21697
6.21697
6.21697
6.21697
6.21697
6.21697
6.21697
6.21697
6.21697
6.21697
6.21697
6.21697
6.21697
6.21697
6.21697
6.21697
6.21697
6.21697
6.21697
6.21697
6.21697
6.21697
6.21697
6.21697
6.21697
6.21697
6.21697
6.21697
6.21697
6.21697
6.21697
6.21697
6.21697
6.21697
6.21697
6.21697
6.21697
6.21697
6.21697
6.21697
6.21697
6.21697
6.21697
6.21697
6.21697
6.21697
6.21697
6.21697
6.21697
6.21697
6.21697
6.21697
6.21697
6.21697
6.21697
6.21697
6.21697
6.21697
6.21697
6.21697
6.21697
6.21697
6.21697
6.21697
6.21697
6.21697
6.21697
6.21697
6.21697
6.21697
6.21697
6.21697
6.21697
6.21697
6.21697
6.21697
6.21697
6.21697
6.21697
6.21697
6.21697
6.21697
6.21697
6.21697
6.21697
6.21697
6.21697
6.21697
6.21697
6.21697
6.21697
6.21697
6.21697
6.21697
6.21697
6.21697
6.21697
6.21697
6.21697
6.21697
6.21697
6.21697
6.21697
6.21697
6.21697
6.21697
6.21697
6.21697
6.21697
6.21697
6.21697
6.21697
6.21697
6.21697
6.21697
6.21697
6.21697
6.21697
6.21697
6.21697
6.21697
6.21697
6.21697
6.21697
6.21697
6.21697
6.21697
6.21697
6.21697
6.21697
6.21697
6.21697
6.21697
6.21697
6.21697
6.21697
6.21697
6.21697
6.21697
6.21697
6.21697
6.21697
6.21697
6.21697
6.21697
6.21697
6.21697
6.21697
6.21697
6.21697
6.21697
6.21697
6.21697
6.21697
6.21697
6.21697
6.21697
6.21697
6.21697
6.21697
6.21697
6.21697
6.21697
6.21697
6.21697
6.21697
6.21697
6.21697
6.21697
6.21697
6.21697
6.21697
6.21697
6.21697
6.21697
6.21697
6.21697
6.21697
6.21697
6.21697
6.21697
6.21697
6.21697
6.21697
6.21697
6.21697
6.21697
6.21697
6.21697
6.21697
6.21697
6.21697
6.21697
6.21697
6.21697
6.21697
6.21697
6.21697
6.21697
6.21697
6.21697
6.21697
6.21697
6.21697
6.21697
6.21697
6.21697
6.21697
6.21697
6.21697
6.22081
6.21697
6.21697
6.21697
6.21697
6.21697
6.21697
6.21697
6.21697
6.21697
6.21697
6.21697
6.21697
6.21697
6.21697
6.21697
6.21697
6.21697
6.21697
6.21697
6.21697
6.21697
6.21697
6.21697
6.21697
6.21697
6.21697
6.21697
6.21697
6.21697
6.21697
6.21697
6.21697
6.21697
6.21697
6.21697
6.21697
6.21697
6.21697
6.21697
6.21697
6.21697
6.21697
6.21697
6.21697
6.21697
6.21697
6.21697
6.21697
6.21697
6.21697
6.21697
6.21697
6.21697
6.21697
6.21697
6.21697
6.21697
6.21697
6.21697
6.21697
6.21697
6.21697
6.21697
6.21697
6.21697
6.21697
6.21697
6.21697
6.21697
6.21697
6.21697
6.21697
6.21697
6.21697
6.21697
6.21697
6.21697
6.21697
6.21697
6.21697
6.21697
6.21697
6.21697
6.21697
6.21697
6.21697
6.21697
6.21697
6.21697
6.21697
6.21697
6.21697
6.21697
6.21697
6.21697
6.21697
6.21697
6.21697
6.21697
6.21697
6.21697
6.21697
6.21697
6.21697
6.21697
6.21697
6.21697
6.21697
6.21697
6.21697
6.21697
6.21697
6.21697
6.21697
6.23175
6.21697
6.21697
6.21697
6.21697
6.21697
6.21697
6.21697
6.21697
6.21697
6.21697
6.21697
6.21697
6.21697
6.21697
6.21697
6.21697
6.21697
6.21697
6.21697
6.21697
6.21697
6.21697
6.21697
6.21697
6.21697
6.21697
6.21697
6.21697
6.21697
6.21697
6.21697
6.21697
6.21697
6.21697
6.21697
6.21697
6.21697
6.21697
6.21697
6.21697
6.21697
6.21697
6.21697
6.21697
6.21697
6.21697
6.21697
6.21697
6.21697
6.21697
6.21697
6.21697
6.21697
6.21697
6.21697
6.21697
6.21697
6.21697
6.21697
6.21697
6.21697
6.21697
6.21697
6.21697
6.21697
6.21697
6.21697
6.21697
6.21697
6.21697
6.21697
6.21697
6.21697
6.21697
6.21697
6.21697
6.21697
6.21697
6.21697
6.21697
6.21697
6.21697
6.21697
6.21697
6.21697
6.21697
6.21697
6.21697
6.21697
6.21697
6.21697
6.21697
6.21697
6.21697
6.21697
6.21697
6.21697
6.21697
6.21697
6.21697
6.21697
6.21697
6.21697
6.21697
6.21697
6.21697
6.21697
6.21697
6.21697
6.21697
6.21697
6.21697
6.21697
6.21697
6.21697
6.21697
6.21697
6.21697
6.21697
6.21697
6.21697
6.21697
6.21697
6.21697
6.21697
6.21697
6.21697
6.21697
6.21697
6.21697
6.21697
6.21697
6.21697
6.21697
6.21697
6.21697
6.21697
6.21697
6.21697
6.21697
6.21697
6.21697
6.21697
6.21697
6.21697
6.21697
6.21697
6.21697
6.21697
6.21697
6.21697
6.21697
6.21697
6.21697
6.21697
6.21697
6.21697
6.21697
6.21697
6.21697
6.21697
6.21697
6.21697
6.21697
6.21697
6.21697
6.21697
6.21697
6.21697
6.21697
6.21697
6.21697
6.21697
6.21697
6.21697
6.21697
6.21697
6.21697
6.21697
6.21697
6.21697
6.21697
6.21697
6.21697
6.21697
6.21697
6.21697
6.21697
6.21697
6.21697
6.21697
6.21697
6.21697
6.21697
6.21697
6.21697
6.21697
6.21697
6.21697
6.21697
6.21697
6.21697
6.21697
6.21697
6.21697
6.21697
6.21697
6.21697
6.21697
6.21697
6.21697
6.21697
6.21697
6.21697
6.21697
6.21697
6.21697
6.21697
6.21697
6.21697
6.21697
6.21697
6.21697
6.21697
6.21697
6.21697
6.21697
6.21697
6.21697
6.21697
6.21697
6.21697
6.21697
6.21697
6.21697
6.21697
6.21697
6.21697
6.21697
6.21697
6.22068
6.21697
6.21697
6.21697
6.21697
6.21697
6.21697
6.21697
6.21697
6.21697
6.21697
6.21697
6.21697
6.21697
6.21697
6.21697
6.21697
6.21697
6.21697
6.21697
6.21697
6.21697
6.21697
6.21697
6.21697
6.21697
6.21697
6.21697
6.21697
6.21697
6.21697
6.21697
6.21697
6.21697
6.21697
6.21697
6.21697
6.21697
6.21697
6.21697
6.21697
6.21697
6.21697
6.21697
6.21697
6.21697
6.21697
6.21697
6.21697
6.21697
6.21697
6.21697
6.21697
6.21697
6.21697
6.21697
6.21697
6.21697
6.21697
6.21697
6.21697
6.21697
6.21697
6.21697
6.21697
6.21697
6.21697
6.21697
6.21697
6.21697
6.21697
6.21697
6.21697
6.21697
6.21697
6.21697
6.21697
6.21697
6.21697
6.21697
6.21697
6.21697
6.21697
6.21697
6.21697
6.21697
6.21697
6.21697
6.21697
6.21697
6.21697
6.21697
6.21697
6.21697
6.21697
6.21697
6.21697
6.21697
6.21697
6.21697
6.21697
6.21697
6.21697
6.21697
6.21697
6.21697
6.21697
6.21697
6.21697
6.21697
6.21697
6.21697
6.21697
6.21697
6.21697
6.21697
6.21697
6.21697
6.21697
6.21697
6.21697
6.21697
6.21697
6.21697
6.21697
6.21697
6.21697
6.21697
6.21697
6.21697
6.21697
6.21697
6.21697
6.21697
6.21697
6.21697
6.21697
6.21697
6.21697
6.21697
6.21697
6.21697
6.21697
6.21697
6.21697
6.21697
6.21697
6.21697
6.21697
6.21697
6.21697
6.21697
6.21697
6.21697
6.21697
6.21697
6.21697
6.21697
6.21697
6.21697
6.21697
6.21697
6.21697
6.21697
6.21697
6.21697
6.21697
6.21697
6.21697
6.21697
6.21697
6.21697
6.21697
6.21697
