1	-0.622001	0.783017
21	0.690807	-0.72304
7	-0.228468	-0.973551
30	-0.23428	-0.972169
16	0.990169	0.139875
13	0.885283	0.465053
9	0.998541	0.0539927
3	0.414177	0.910196
20	0.109651	0.99397
5	-0.761342	0.64835
31	-0.789826	0.613331
6	-0.844306	0.535862
12	0.525759	0.850633
8	0.979297	0.202427
29	0.976786	0.214215
14	0.698855	-0.715263
27	0.548786	-0.835963
2	0.309496	-0.950901
22	0.588991	-0.808139
25	0.778544	-0.62759
17	0.970661	0.240453
18	-0.936611	0.350372
19	0.223231	0.974766
26	0.423292	0.905993
10	-0.77601	0.63072
24	-0.945137	-0.326673
15	-0.999857	0.0169196
32	-0.910025	-0.414553
23	-0.806857	-0.590747
11	-0.788188	-0.615434
4	0.274218	-0.961667
28	0.999029	0.0440652
