0
0.00458912
0.00699692
0.00964069
0.0112573
0.0138802
0.0158422
0.017001
0.0200989
0.0218808
0.0235098
0.025041
0.028243
0.0308674
0.0314924
0.0342055
0.03528
0.0348633
0.0366099
0.0383369
0.0387837
0.0393294
0.0426362
0.045457
0.0454383
0.0472361
0.0489172
0.051729
0.0526072
0.0541339
0.0549862
0.0550314
0.0556305
0.0571666
0.0594449
0.0598843
0.0610776
0.059972
0.0618444
0.0654577
0.0674171
0.0682713
0.070559
0.0713345
0.0741441
0.0765357
0.0754804
0.079919
0.0808675
0.0805364
0.0818463
0.080992
0.0816736
0.0819961
0.0864427
0.0912923
0.0912596
0.092753
0.0959146
0.0957524
0.0948058
0.0948131
0.09475
0.0976075
0.100578
0.100876
0.100858
0.103076
0.101084
0.102395
0.102772
0.104179
0.104842
0.106756
0.110636
0.109775
0.110328
0.107237
0.108843
0.110898
0.109183
0.109147
0.108787
0.108179
0.110997
0.110456
0.111521
0.113053
0.114485
0.116148
0.115676
0.117163
0.118776
0.119934
0.121951
0.124118
0.123904
0.125566
0.121157
0.120215
