0
0.0047134
0.00728172
0.00939525
0.0119938
0.0134429
0.0164335
0.0186608
0.020914
0.021695
0.0255874
0.0258209
0.0274449
0.0282002
0.0307478
0.0326139
0.034842
0.0349098
0.0382382
0.0391037
0.0385968
0.0402058
0.041903
0.0443528
0.0482076
0.046972
0.0506454
0.0518555
0.0542377
0.0532637
0.0516082
0.0533513
0.0552246
0.0591015
0.0601516
0.0611383
0.0635069
0.0679076
0.0671338
0.0682302
0.0699076
0.0716293
0.0716798
0.0740547
0.0726906
0.0720512
0.0742454
0.0750393
0.0752883
0.0775444
0.0793275
0.0801197
0.0810124
0.0818158
0.0821766
0.082407
0.0865247
0.0906813
0.0915561
0.0942101
0.0968146
0.0964922
0.0933868
0.093331
0.0936975
0.0928514
0.0943396
0.0940342
0.093739
0.0930219
0.0948295
0.0943876
0.0960958
0.0992814
0.0977791
0.0994138
0.0988036
0.0981186
0.102291
0.0997543
0.097024
0.0991382
0.0988396
0.102043
0.102447
0.101644
0.105467
0.108382
0.10883
0.111262
0.111743
0.11113
0.115408
0.117917
0.120625
0.121043
0.121367
0.125512
0.126807
0.126319
