2     67.2393    0.273101
1.9     74.6896    0.365886
1.8     83.9146    0.463962
1.7       94.91    0.557815
1.6     109.219    0.529918
1.5     126.087    0.719621
1.4      149.16     1.01545
1.3     180.344     1.27658
1.2     220.842      1.8185
1.1     279.647     3.48967
1     366.044     5.03626
0.95     420.912     6.37686
0.9     508.795     8.37874
0.85     599.279     10.2303
0.8      754.79     15.1281
0.75     970.033     18.7986
0.7     1214.51      30.374
0.65     1638.79     34.7207
0.6     2145.33     52.9733
0.55     2886.86     67.5081
0.5     3746.17     79.1671
