2     67.7903    0.224179
1.9     75.6497    0.293446
1.8     84.3866    0.397174
1.7     95.6753    0.422236
1.6     110.338    0.703586
1.5     127.875    0.663103
1.4     147.622    0.998417
1.3     180.327     1.04517
1.2     220.398     2.11221
1.1     282.964     3.58076
1     369.979     3.66901
0.95     434.208     6.00414
0.9     514.128     7.04862
0.85     605.959     8.89609
0.8     771.417     9.80972
0.75     952.562     14.6967
0.7     1232.45     20.7728
0.65     1625.58     28.9382
0.6     2229.86     47.0741
0.55     3017.12     49.6582
0.5     3968.94     62.5735
