2    -23.0812   0.0221286
1.9    -24.1216   0.0210195
1.8    -25.2388   0.0232512
1.7    -26.4215   0.0228284
1.6    -27.7381   0.0220276
1.5    -29.1437   0.0229762
1.4    -30.6779   0.0290507
1.3    -32.3244   0.0198005
1.2    -34.0851   0.0242769
1.1    -36.0382   0.0236847
1    -38.0839   0.0312854
0.95    -39.1413   0.0296137
0.9    -40.2042   0.0245452
0.85    -41.3135   0.0252404
0.8    -42.4361   0.0289591
0.75    -43.4807   0.0354518
0.7    -44.5857   0.0328837
0.65    -45.6656   0.0389994
0.6    -46.7853   0.0587212
0.55    -47.8212   0.0568505
0.5    -48.6848   0.0460441
