2    -23.0908   0.0172657
1.9    -24.1151   0.0199124
1.8    -25.2271   0.0208634
1.7    -26.4174   0.0177945
1.6    -27.7301   0.0200714
1.5    -29.1419   0.0172267
1.4    -30.7003   0.0162877
1.3    -32.3473   0.0253215
1.2    -34.1461   0.0247411
1.1    -36.0779   0.0326042
1    -38.0683   0.0265883
0.95    -39.1178   0.0279532
0.9     -40.222   0.0313033
0.85    -41.2667   0.0286591
0.8    -42.3935   0.0369501
0.75    -43.5282   0.0411947
0.7    -44.5664   0.0556631
0.65    -45.6721   0.0553602
0.6    -46.6708   0.0718112
0.55    -47.6544   0.0806018
0.5    -48.4942   0.0854269
