2     9.89137   0.0386025
1.9      10.673   0.0480523
1.8     11.5134   0.0598065
1.7       12.51   0.0563419
1.6     13.5757    0.050709
1.5     14.7277   0.0454415
1.4     15.8207   0.0534984
1.3     17.1223   0.0773944
1.2     18.6354   0.0886442
1.1     19.8682   0.0837835
1     20.8924    0.106474
0.95     21.2242    0.132925
0.9     21.7143    0.156205
0.85     22.0205     0.14503
0.8     21.8854    0.241623
0.75     21.8259     0.26335
0.7     21.5512    0.272709
0.65      21.283    0.296478
0.6     20.9206    0.419294
0.55     19.8413    0.277178
0.5     17.5809    0.667765





