2     9.90037   0.0337994
1.9     10.6618   0.0331503
1.8     11.4859   0.0388228
1.7     12.4663   0.0435752
1.6     13.5773   0.0342021
1.5     14.6748   0.0385741
1.4     15.9165   0.0530532
1.3     17.1266   0.0692487
1.2     18.5182     0.10305
1.1     19.7859   0.0718869
1     21.0672    0.115016
0.95     21.4883    0.140548
0.9     21.6932    0.163052
0.85     21.8772    0.103539
0.8     21.8277    0.192254
0.75     21.6845    0.241991
0.7     21.8332    0.200199
0.65     21.4813    0.327348
0.6     21.1874      0.2915
0.55     19.9035    0.287405
0.5     16.4141    0.411381
