0.5     43.7785     1.52861
0.55     39.4331     1.25997
0.6     32.9917     1.47061
0.65     26.6363      1.2209
0.7     22.6695    0.713465
0.75     17.9365    0.723746
0.8     14.4367    0.332879
0.9     9.96687    0.365248
1     6.94625    0.278262
1.1     5.56262    0.234693
1.2     4.34215    0.156853
1.3     3.42491    0.141409
1.4     2.78486    0.143832
1.5     2.31235    0.129897
1.6     1.96569    0.130756
1.7      1.7759    0.105005
1.8     1.57833    0.106808
1.9     1.38089   0.0850567
2     1.20842   0.0808708
