2     1.34552   0.0842861
1.9     1.54731   0.0653227
1.8     1.69807    0.061048
1.7     1.93927   0.0818247
1.6     2.24987   0.0722212
1.5     2.51501   0.0853698
1.4     2.98815   0.0914054
1.3     3.71308    0.108126
1.2       4.344    0.131624
1.1     5.50602     0.17084
1     7.36523      0.2503
0.9      9.9781     0.27928
0.8     14.6583    0.567871
0.75     17.6203     0.75184
0.7     23.1703    0.301859
0.65     27.6358    0.752356
0.6      33.332     1.05866
0.55     39.0081    0.883321
0.5     44.4638      1.0109
