-0.243453   0.41251   0.419671
0.326158   0.341826   0.161403
-0.263207   -0.371334   -0.207221
0.258949   0.0116734   -0.0442328
-0.205738   0.225676   0.0846992
0.31252   -0.00754006   -0.125928
0.383969   0.209025   -0.0433662
-0.437517   0.0226814   -0.442688
0.15213   -0.177761   0.366217
0.163577   -0.0912538   -0.0935602
0.392089   0.491327   0.436616
-0.481633   -0.104785   -0.441866
0.288334   -0.421556   -0.381641
0.292367   0.0699109   0.39945
0.415155   0.0175275   0.0717578
-0.373832   -0.291203   -0.173163
-0.0503511   0.213637   -0.0320413
0.0361098   0.456463   0.0155028
0.028773   -0.173616   -0.3071
-0.0406041   0.446009   -0.453236
-0.394264   0.464997   0.0785484
-0.394355   -0.334593   0.206093
-0.00551997   -0.038626   0.232984
0.364385   0.431755   0.202936
0.387497   0.375951   -0.453045
0.174941   -0.367011   -0.467505
-0.044141   -0.0955421   -0.23918
-0.146353   -0.0945792   -0.248144
0.364405   0.367502   -0.0517166
-0.248662   0.02563   0.434353
-0.304686   0.281591   -0.495665
0.197587   0.221854   0.00715213
0.331318   -0.491763   0.38631
-0.39151   0.491924   -0.00433888
0.281704   -0.194007   0.150637
-0.471202   0.0391433   -0.218427
-0.159536   -0.078287   0.317724
0.497431   -0.113043   0.37215
-0.0295243   -0.495211   0.00850192
-0.369291   0.45448   0.349027
-0.184074   -0.491193   -0.361348
-0.319064   0.318778   0.0599773
0.367875   -0.175389   0.148717
0.406585   -0.25478   -0.0797248
0.488966   -0.243336   0.250959
0.0238278   0.458676   0.423376
-0.310827   0.000357104   0.150959
-0.382743   0.319838   -0.204413
-0.16339   -0.269343   -0.477497
0.0841467   0.0540426   0.256776
-0.356556   -0.36025   -0.294155
0.0304544   0.482657   0.110212
0.310709   -0.331401   -0.114031
-0.475005   -0.376037   0.22278
-0.427694   0.178939   -0.301031
-0.189756   0.137424   -0.195532
0.340143   0.312396   0.349114
0.250371   -0.305131   0.41156
0.209059   -0.107106   -0.455867
-0.380086   -0.00667966   0.238923
0.46749   -0.436099   -0.0997302
-0.160833   0.434169   -0.168501
0.242215   0.233004   -0.286398
0.179139   0.251812   -0.330056
0.262546   -0.346909   -0.44511
-0.321192   0.0268597   -0.337573
-0.00770779   -0.324354   -0.189444
-0.221605   -0.203112   -0.0374421
-0.0631212   0.0943607   -0.415594
0.454154   0.0877362   0.13938
-0.17109   -0.455237   0.487557
-0.112037   0.243868   -0.156822
0.0145119   0.09045   -0.164431
0.0231506   -0.396863   0.318017
0.225571   -0.373927   -0.314927
0.0154526   -0.229957   0.174404
0.404415   0.399538   0.115055
0.278647   -0.313502   0.211508
-0.0701018   0.271433   -0.349121
-0.156799   0.469136   -0.292079
0.256432   -0.257918   -0.116268
-0.244807   0.103671   -0.111941
-0.0591842   -0.0997861   0.161135
-0.0951423   -0.116501   -0.374938
-0.286694   0.30423   0.249547
0.23984   0.0386993   -0.336684
0.363282   -0.190692   -0.198647
0.30876   -0.085324   -0.43925
0.0485414   0.275082   -0.017027
-0.425142   -0.106702   -0.196481
0.118563   -0.455132   0.318638
0.463563   0.339867   0.343495
0.0714622   0.274556   0.496795
0.192341   0.268029   -0.219638
-0.305235   -0.129136   -0.370696
0.000104852   -0.224695   -0.186662
-0.467785   -0.00604602   0.47477
-0.199104   0.465055   -0.015958
-0.230239   -0.313225   0.323925
0.235657   0.0385508   0.308578
-0.263582   0.166377   0.382371
-0.00820857   0.221914   -0.285391
0.405862   -0.302706   -0.143123
-0.191066   -0.0492   -0.0659249
-0.332545   0.45525   -0.343384
0.082821   -0.247779   0.203828
-0.374839   0.352126   0.0238809
-0.0709692   0.0771053   0.33998
