           1   -0.174001   -0.174001           0
           1   -0.414675   -0.414675           0
           2   -0.414145    -0.41441 0.000265002
           3   -0.415201   -0.414674 0.000305017
           4   -0.413775   -0.414449 0.000311502
           5   -0.415044   -0.414568 0.000269032
           6   -0.415118    -0.41466 0.000238056
           7    -0.41191   -0.414267 0.000441351
           8   -0.413304   -0.414146 0.000400728
           9   -0.413667   -0.414093 0.000357393
          10   -0.415931   -0.414277 0.000368724
