           1           0           0
           1    0.064633           0
           1    0.129266           0
           1    0.193899           0
           1    0.258532           0
           1    0.323165           0
           1    0.387798           0
           1    0.452431           0
           1    0.517064           0
           1    0.581697           0
           1     0.64633           0
           1    0.710963           0
           1    0.775596           0
           1     0.84023           0
           1    0.904863   0.0441137
           1    0.969496    0.350189
           1     1.03413     0.54954
           1     1.09876    0.632153
           1     1.16339    0.617332
           1     1.22803    0.555366
           1     1.29266    0.549002
           1     1.35729    0.541864
           1     1.42193    0.509436
           1     1.48656    0.503571
           1     1.55119    0.519312
           1     1.61583    0.545519
           1     1.68046    0.629469
           1     1.74509    0.642691
           1     1.80973    0.635474
           1     1.87436    0.625108
           1     1.93899    0.638884
           1     2.00362    0.666729
           1     2.06826    0.703114
           1     2.13289    0.732184
           1     2.19752    0.755192
           1     2.26216    0.813978
           1     2.32679    0.831766
           1     2.39142    0.880057
           1     2.45606    0.909313
           1     2.52069    0.935775
           1     2.58532    0.962074
           1     2.64995    0.999614
           1     2.71459     1.03695
           1     2.77922     1.03585
           1     2.84385     1.05707
           1     2.90849     1.08773
           1     2.97312     1.09037
           1     3.03775     1.08452
           1     3.10239     1.10801
           1     3.16702     1.10406
           1     3.23165     1.08178
           1     3.29629     1.05763
           1     3.36092     1.10374
           1     3.42555     1.05722
           1     3.49018     1.05671
           1     3.55482     1.02631
           1     3.61945    0.988798
           1     3.68408    0.953814
           1     3.74872    0.942312
           1     3.81335    0.936466
           1     3.87798     0.93341
           1     3.94262    0.962813
           1     4.00725    0.975759
           1     4.07188    0.964354
           1     4.13651    0.940903
           1     4.20115    0.951168
           1     4.26578    0.932132
           1     4.33041    0.938403
           1     4.39505    0.957011
           1     4.45968    0.962913
           1     4.52431    0.967701
           1     4.58895    0.978637
           1     4.65358    0.996767
           1     4.71821     1.01893
           1     4.78285      1.0317
           1     4.84748     1.03439
           1     4.91211     1.04412
           1     4.97674     1.03718
           1     5.04138     1.05606
           1     5.10601     1.04888
           1     5.17064     1.04116
           1     5.23528     1.04114
           1     5.29991      1.0251
           1     5.36454     1.02145
           1     5.42918     1.02862
           1     5.49381     1.04427
           1     5.55844     1.06027
           1     5.62307     1.01473
           1     5.68771    0.988082
           1     5.75234    0.988148
           1     5.81697    0.986623
           1     5.88161    0.998657
           1     5.94624    0.990233
           1     6.01087    0.983911
           1     6.07551    0.978808
           1     6.14014    0.979901
           1     6.20477    0.989682
           1      6.2694    0.985136
           1     6.33404    0.977431
           1     6.39867    0.980641
           1           0           0
           1    0.064633           0
           1    0.129266           0
           1    0.193899           0
           1    0.258532           0
           1    0.323165           0
           1    0.387798           0
           1    0.452431           0
           1    0.517064           0
           1    0.581697           0
           1     0.64633           0
           1    0.710963           0
           1    0.775596           0
           1     0.84023 0.000909997
           1    0.904863    0.147537
           1    0.969496      1.0682
           1     1.03413     2.03789
           1     1.09876     2.27751
           1     1.16339      2.0931
           1     1.22803     1.83961
           1     1.29266     1.61527
           1     1.35729     1.45078
           1     1.42193     1.33652
           1     1.48656      1.2448
           1     1.55119     1.19092
           1     1.61583     1.14264
           1     1.68046     1.11093
           1     1.74509     1.08857
           1     1.80973     1.07631
           1     1.87436     1.06272
           1     1.93899      1.0569
           1     2.00362     1.06035
           1     2.06826     1.05432
           1     2.13289     1.04906
           1     2.19752     1.04677
           1     2.26216     1.04233
           1     2.32679     1.03738
           1     2.39142     1.03374
           1     2.45606     1.02862
           1     2.52069     1.02166
           1     2.58532     1.01923
           1     2.64995      1.0127
           1     2.71459     1.00833
           1     2.77922      1.0065
           1     2.84385     1.00304
           1     2.90849     1.00309
           1     2.97312     1.00233
           1     3.03775    0.998877
           1     3.10239    0.997803
           1     3.16702      1.0008
           1     3.23165     0.99593
           1     3.29629    0.995918
           1     3.36092    0.993808
           1     3.42555    0.993681
           1     3.49018    0.993647
           1     3.55482      0.9911
           1     3.61945      0.9899
           1     3.68408    0.990143
           1     3.74872    0.991768
           1     3.81335    0.990854
           1     3.87798    0.990529
           1     3.94262    0.987792
           1     4.00725    0.991169
           1     4.07188    0.988869
           1     4.13651    0.989044
           1     4.20115    0.988777
           1     4.26578     0.98878
           1     4.33041    0.988332
           1     4.39505    0.987333
           1     4.45968    0.986881
           1     4.52431    0.987335
           1     4.58895    0.986574
           1     4.65358     0.98755
           1     4.71821    0.987957
           1     4.78285    0.987695
           1     4.84748    0.985459
           1     4.91211    0.985529
           1     4.97674    0.985698
           1     5.04138    0.985073
           1     5.10601    0.987262
           1     5.17064    0.986005
           1     5.23528     0.98606
           1     5.29991    0.986293
           1     5.36454    0.986483
           1     5.42918    0.986292
           1     5.49381    0.985296
           1     5.55844    0.985969
           1     5.62307    0.987507
           1     5.68771    0.985713
           1     5.75234     0.98524
           1     5.81697    0.984703
           1     5.88161    0.985689
           1     5.94624    0.986852
           1     6.01087    0.985997
           1     6.07551    0.984699
           1     6.14014    0.985885
           1     6.20477     0.98653
           1      6.2694    0.985908
           1     6.33404     0.98604
           1     6.39867    0.987132
           2           0           0
           2    0.064633           0
           2    0.129266           0
           2    0.193899           0
           2    0.258532           0
           2    0.323165           0
           2    0.387798           0
           2    0.452431           0
           2    0.517064           0
           2    0.581697           0
           2     0.64633           0
           2    0.710963           0
           2    0.775596           0
           2     0.84023  0.00105368
           2    0.904863    0.149052
           2    0.969496     1.06989
           2     1.03413      2.0437
           2     1.09876     2.25922
           2     1.16339     2.08862
           2     1.22803     1.83132
           2     1.29266     1.62051
           2     1.35729     1.45431
           2     1.42193     1.33437
           2     1.48656     1.24701
           2     1.55119     1.19404
           2     1.61583     1.14813
           2     1.68046     1.11173
           2     1.74509     1.08872
           2     1.80973     1.07598
           2     1.87436     1.06482
           2     1.93899     1.05913
           2     2.00362     1.05585
           2     2.06826     1.05027
           2     2.13289     1.05178
           2     2.19752     1.04558
           2     2.26216     1.04121
           2     2.32679     1.03607
           2     2.39142     1.03177
           2     2.45606     1.02749
           2     2.52069     1.01859
           2     2.58532     1.01474
           2     2.64995     1.01332
           2     2.71459      1.0078
           2     2.77922     1.00601
           2     2.84385     1.00542
           2     2.90849     1.00246
           2     2.97312     1.00127
           2     3.03775    0.998866
           2     3.10239     1.00087
           2     3.16702    0.994814
           2     3.23165    0.994718
           2     3.29629    0.995009
           2     3.36092    0.993511
           2     3.42555    0.993071
           2     3.49018    0.992476
           2     3.55482      0.9932
           2     3.61945    0.992929
           2     3.68408    0.991917
           2     3.74872    0.989598
           2     3.81335    0.990921
           2     3.87798    0.989454
           2     3.94262    0.988821
           2     4.00725    0.988649
           2     4.07188    0.989235
           2     4.13651    0.987991
           2     4.20115     0.98912
           2     4.26578    0.988247
           2     4.33041    0.986713
           2     4.39505     0.98716
           2     4.45968    0.988518
           2     4.52431    0.988218
           2     4.58895    0.988318
           2     4.65358    0.987143
           2     4.71821    0.987338
           2     4.78285    0.986708
           2     4.84748    0.985292
           2     4.91211    0.986955
           2     4.97674    0.986591
           2     5.04138     0.98541
           2     5.10601     0.98671
           2     5.17064      0.9869
           2     5.23528    0.986551
           2     5.29991    0.985528
           2     5.36454    0.987107
           2     5.42918    0.986663
           2     5.49381    0.986646
           2     5.55844    0.986879
           2     5.62307    0.987406
           2     5.68771    0.985332
           2     5.75234    0.986314
           2     5.81697    0.986338
           2     5.88161    0.985775
           2     5.94624    0.985387
           2     6.01087    0.986568
           2     6.07551    0.986361
           2     6.14014    0.986093
           2     6.20477     0.98492
           2      6.2694    0.986042
           2     6.33404    0.985275
           2     6.39867    0.985617
           3           0           0
           3    0.064633           0
           3    0.129266           0
           3    0.193899           0
           3    0.258532           0
           3    0.323165           0
           3    0.387798           0
           3    0.452431           0
           3    0.517064           0
           3    0.581697           0
           3     0.64633           0
           3    0.710963           0
           3    0.775596           0
           3     0.84023 0.000706445
           3    0.904863    0.146758
           3    0.969496     1.06557
           3     1.03413     2.03569
           3     1.09876     2.26633
           3     1.16339     2.09165
           3     1.22803     1.83813
           3     1.29266     1.62647
           3     1.35729     1.46019
           3     1.42193     1.33878
           3     1.48656     1.25328
           3     1.55119     1.19421
           3     1.61583     1.14614
           3     1.68046     1.11328
           3     1.74509     1.09419
           3     1.80973     1.07569
           3     1.87436     1.06792
           3     1.93899     1.06299
           3     2.00362     1.06132
           3     2.06826     1.05777
           3     2.13289     1.05365
           3     2.19752     1.05051
           3     2.26216     1.04286
           3     2.32679      1.0397
           3     2.39142     1.03106
           3     2.45606      1.0291
           3     2.52069     1.02295
           3     2.58532     1.01727
           3     2.64995       1.017
           3     2.71459     1.01259
           3     2.77922     1.00981
           3     2.84385     1.00697
           3     2.90849     1.00554
           3     2.97312     1.00154
           3     3.03775     1.00188
           3     3.10239    0.999422
           3     3.16702    0.999343
           3     3.23165    0.996141
           3     3.29629    0.995274
           3     3.36092    0.997479
           3     3.42555    0.992311
           3     3.49018    0.993297
           3     3.55482    0.992152
           3     3.61945    0.992111
           3     3.68408    0.991882
           3     3.74872    0.992451
           3     3.81335    0.989814
           3     3.87798    0.990973
           3     3.94262    0.989683
           3     4.00725    0.989384
           3     4.07188    0.991214
           3     4.13651      0.9902
           3     4.20115    0.988265
           3     4.26578    0.990434
           3     4.33041    0.987998
           3     4.39505    0.987362
           3     4.45968    0.987313
           3     4.52431    0.987821
           3     4.58895    0.988746
           3     4.65358    0.987918
           3     4.71821    0.987103
           3     4.78285    0.986414
           3     4.84748    0.986457
           3     4.91211    0.989126
           3     4.97674    0.986636
           3     5.04138    0.986051
           3     5.10601    0.986363
           3     5.17064    0.987594
           3     5.23528    0.987324
           3     5.29991    0.987562
           3     5.36454    0.985723
           3     5.42918    0.985865
           3     5.49381    0.986889
           3     5.55844    0.987035
           3     5.62307    0.987355
           3     5.68771    0.987541
           3     5.75234    0.986317
           3     5.81697    0.985899
           3     5.88161    0.985661
           3     5.94624    0.986424
           3     6.01087    0.985543
           3     6.07551    0.985774
           3     6.14014       0.987
           3     6.20477    0.986298
           3      6.2694    0.987548
           3     6.33404    0.986331
           3     6.39867    0.987451
           4           0           0
           4    0.064633           0
           4    0.129266           0
           4    0.193899           0
           4    0.258532           0
           4    0.323165           0
           4    0.387798           0
           4    0.452431           0
           4    0.517064           0
           4    0.581697           0
           4     0.64633           0
           4    0.710963           0
           4    0.775596           0
           4     0.84023 0.000790261
           4    0.904863    0.147101
           4    0.969496     1.06225
           4     1.03413     2.03417
           4     1.09876     2.26109
           4     1.16339     2.08517
           4     1.22803     1.82678
           4     1.29266     1.61696
           4     1.35729     1.44846
           4     1.42193     1.33938
           4     1.48656     1.25116
           4     1.55119     1.18963
           4     1.61583     1.14247
           4     1.68046     1.10483
           4     1.74509     1.09032
           4     1.80973     1.07734
           4     1.87436     1.06692
           4     1.93899     1.06337
           4     2.00362     1.05878
           4     2.06826     1.05323
           4     2.13289     1.05281
           4     2.19752      1.0504
           4     2.26216     1.04173
           4     2.32679     1.03785
           4     2.39142     1.03017
           4     2.45606     1.02381
           4     2.52069     1.01859
           4     2.58532     1.01528
           4     2.64995     1.01024
           4     2.71459     1.01076
           4     2.77922     1.00657
           4     2.84385     1.00547
           4     2.90849     1.00088
           4     2.97312     1.00137
           4     3.03775    0.999296
           4     3.10239    0.998442
           4     3.16702    0.997837
           4     3.23165    0.994151
           4     3.29629    0.993012
           4     3.36092    0.991941
           4     3.42555    0.992987
           4     3.49018    0.993345
           4     3.55482    0.989669
           4     3.61945    0.990089
           4     3.68408    0.989674
           4     3.74872    0.992818
           4     3.81335    0.988355
           4     3.87798    0.987785
           4     3.94262    0.986823
           4     4.00725    0.988794
           4     4.07188    0.989483
           4     4.13651    0.986827
           4     4.20115    0.987666
           4     4.26578    0.987369
           4     4.33041    0.987724
           4     4.39505     0.98697
           4     4.45968    0.986857
           4     4.52431    0.986579
           4     4.58895    0.986476
           4     4.65358    0.985941
           4     4.71821    0.987471
           4     4.78285    0.986228
           4     4.84748    0.987805
           4     4.91211    0.986898
           4     4.97674    0.987068
           4     5.04138    0.986395
           4     5.10601    0.984792
           4     5.17064    0.986716
           4     5.23528    0.986237
           4     5.29991    0.985237
           4     5.36454    0.986303
           4     5.42918    0.985959
           4     5.49381    0.984665
           4     5.55844    0.985383
           4     5.62307    0.986492
           4     5.68771     0.98559
           4     5.75234    0.985919
           4     5.81697    0.985479
           4     5.88161    0.985753
           4     5.94624    0.986557
           4     6.01087    0.986934
           4     6.07551    0.986512
           4     6.14014    0.984891
           4     6.20477    0.985861
           4      6.2694    0.985026
           4     6.33404     0.98435
           4     6.39867    0.985463
           5           0           0
           5    0.064633           0
           5    0.129266           0
           5    0.193899           0
           5    0.258532           0
           5    0.323165           0
           5    0.387798           0
           5    0.452431           0
           5    0.517064           0
           5    0.581697           0
           5     0.64633           0
           5    0.710963           0
           5    0.775596           0
           5     0.84023 0.000909997
           5    0.904863    0.149229
           5    0.969496     1.05673
           5     1.03413      2.0405
           5     1.09876      2.2685
           5     1.16339     2.09432
           5     1.22803     1.84166
           5     1.29266     1.62043
           5     1.35729     1.45957
           5     1.42193     1.33968
           5     1.48656     1.25217
           5     1.55119     1.18734
           5     1.61583     1.14957
           5     1.68046     1.11405
           5     1.74509     1.08764
           5     1.80973     1.07973
           5     1.87436     1.06813
           5     1.93899     1.06062
           5     2.00362     1.05792
           5     2.06826     1.05427
           5     2.13289     1.05358
           5     2.19752     1.04975
           5     2.26216      1.0443
           5     2.32679     1.03614
           5     2.39142     1.03227
           5     2.45606     1.02789
           5     2.52069     1.02162
           5     2.58532      1.0178
           5     2.64995     1.01227
           5     2.71459     1.00946
           5     2.77922     1.00481
           5     2.84385     1.00669
           5     2.90849     1.00554
           5     2.97312     1.00145
           5     3.03775     1.00064
           5     3.10239    0.997792
           5     3.16702    0.999297
           5     3.23165    0.997432
           5     3.29629    0.995084
           5     3.36092    0.993497
           5     3.42555    0.993442
           5     3.49018    0.993334
           5     3.55482    0.992672
           5     3.61945    0.992382
           5     3.68408    0.991189
           5     3.74872     0.98943
           5     3.81335    0.989964
           5     3.87798     0.98959
           5     3.94262    0.989008
           5     4.00725    0.989468
           5     4.07188     0.98815
           5     4.13651    0.987772
           5     4.20115    0.988526
           5     4.26578     0.98578
           5     4.33041    0.987777
           5     4.39505    0.986871
           5     4.45968    0.985842
           5     4.52431    0.985999
           5     4.58895     0.98749
           5     4.65358    0.988866
           5     4.71821    0.985812
           5     4.78285    0.984705
           5     4.84748    0.987148
           5     4.91211    0.986602
           5     4.97674    0.985681
           5     5.04138    0.986858
           5     5.10601    0.986301
           5     5.17064    0.986698
           5     5.23528    0.986043
           5     5.29991    0.987016
           5     5.36454    0.985391
           5     5.42918     0.98582
           5     5.49381    0.984596
           5     5.55844    0.984847
           5     5.62307    0.985724
           5     5.68771    0.985545
           5     5.75234    0.986448
           5     5.81697    0.985594
           5     5.88161    0.986731
           5     5.94624     0.98607
           5     6.01087    0.985388
           5     6.07551    0.984697
           5     6.14014    0.985334
           5     6.20477     0.98567
           5      6.2694    0.985561
           5     6.33404    0.985332
           5     6.39867    0.985773
           6           0           0
           6    0.064633           0
           6    0.129266           0
           6    0.193899           0
           6    0.258532           0
           6    0.323165           0
           6    0.387798           0
           6    0.452431           0
           6    0.517064           0
           6    0.581697           0
           6     0.64633           0
           6    0.710963           0
           6    0.775596           0
           6     0.84023 0.000945918
           6    0.904863    0.148056
           6    0.969496     1.07175
           6     1.03413     2.03392
           6     1.09876     2.28317
           6     1.16339      2.0952
           6     1.22803     1.83011
           6     1.29266     1.62006
           6     1.35729     1.45944
           6     1.42193     1.33688
           6     1.48656     1.25319
           6     1.55119     1.18934
           6     1.61583     1.14926
           6     1.68046     1.11555
           6     1.74509     1.08977
           6     1.80973     1.07608
           6     1.87436     1.06685
           6     1.93899     1.05954
           6     2.00362     1.05451
           6     2.06826      1.0563
           6     2.13289     1.05392
           6     2.19752     1.05211
           6     2.26216     1.04564
           6     2.32679     1.03744
           6     2.39142     1.03209
           6     2.45606     1.02593
           6     2.52069     1.02172
           6     2.58532     1.01775
           6     2.64995     1.01593
           6     2.71459     1.01286
           6     2.77922     1.00821
           6     2.84385     1.00292
           6     2.90849      1.0029
           6     2.97312     1.00343
           6     3.03775     1.00268
           6     3.10239    0.999787
           6     3.16702    0.999571
           6     3.23165    0.996638
           6     3.29629    0.997462
           6     3.36092    0.994751
           6     3.42555    0.995645
           6     3.49018    0.993164
           6     3.55482    0.992999
           6     3.61945    0.993194
           6     3.68408     0.99145
           6     3.74872    0.992635
           6     3.81335    0.988454
           6     3.87798    0.991183
           6     3.94262    0.990437
           6     4.00725    0.988879
           6     4.07188    0.989562
           6     4.13651     0.98863
           6     4.20115    0.988173
           6     4.26578     0.99019
           6     4.33041    0.988211
           6     4.39505    0.988289
           6     4.45968     0.98771
           6     4.52431    0.986766
           6     4.58895    0.987371
           6     4.65358    0.988626
           6     4.71821     0.98691
           6     4.78285    0.988326
           6     4.84748    0.986329
           6     4.91211    0.987367
           6     4.97674    0.987656
           6     5.04138    0.987234
           6     5.10601    0.984567
           6     5.17064    0.985949
           6     5.23528    0.985117
           6     5.29991    0.986968
           6     5.36454    0.987474
           6     5.42918    0.988273
           6     5.49381    0.985739
           6     5.55844    0.985953
           6     5.62307    0.986293
           6     5.68771    0.984603
           6     5.75234    0.985653
           6     5.81697    0.985759
           6     5.88161    0.985627
           6     5.94624    0.987076
           6     6.01087     0.98638
           6     6.07551    0.985335
           6     6.14014    0.986269
           6     6.20477    0.985559
           6      6.2694    0.986386
           6     6.33404    0.985731
           6     6.39867    0.986185
           7           0           0
           7    0.064633           0
           7    0.129266           0
           7    0.193899           0
           7    0.258532           0
           7    0.323165           0
           7    0.387798           0
           7    0.452431           0
           7    0.517064           0
           7    0.581697           0
           7     0.64633           0
           7    0.710963           0
           7    0.775596           0
           7     0.84023  0.00101776
           7    0.904863    0.148606
           7    0.969496     1.06652
           7     1.03413     2.01227
           7     1.09876     2.25327
           7     1.16339     2.07844
           7     1.22803     1.81935
           7     1.29266     1.60232
           7     1.35729      1.4525
           7     1.42193      1.3322
           7     1.48656     1.23996
           7     1.55119     1.18621
           7     1.61583      1.1357
           7     1.68046     1.11022
           7     1.74509     1.08809
           7     1.80973     1.07295
           7     1.87436     1.06255
           7     1.93899     1.05508
           7     2.00362     1.05842
           7     2.06826     1.04976
           7     2.13289     1.04419
           7     2.19752     1.04646
           7     2.26216      1.0362
           7     2.32679     1.03493
           7     2.39142      1.0282
           7     2.45606     1.02419
           7     2.52069     1.01981
           7     2.58532     1.01626
           7     2.64995     1.01091
           7     2.71459     1.00701
           7     2.77922     1.00665
           7     2.84385     1.00268
           7     2.90849    0.999985
           7     2.97312    0.998297
           7     3.03775    0.998804
           7     3.10239    0.995422
           7     3.16702    0.997324
           7     3.23165    0.995148
           7     3.29629    0.994841
           7     3.36092    0.993347
           7     3.42555    0.992365
           7     3.49018    0.993017
           7     3.55482    0.991011
           7     3.61945    0.991258
           7     3.68408    0.988896
           7     3.74872    0.990883
           7     3.81335    0.989629
           7     3.87798    0.988053
           7     3.94262    0.988405
           7     4.00725    0.988477
           7     4.07188    0.989447
           7     4.13651    0.987895
           7     4.20115    0.989312
           7     4.26578    0.986754
           7     4.33041    0.988179
           7     4.39505    0.986106
           7     4.45968    0.987325
           7     4.52431    0.986664
           7     4.58895    0.986481
           7     4.65358    0.987032
           7     4.71821    0.986309
           7     4.78285    0.985721
           7     4.84748    0.986259
           7     4.91211    0.986516
           7     4.97674    0.986047
           7     5.04138    0.986671
           7     5.10601    0.985301
           7     5.17064    0.988112
           7     5.23528    0.986441
           7     5.29991    0.986263
           7     5.36454     0.98732
           7     5.42918    0.986305
           7     5.49381    0.986603
           7     5.55844    0.986962
           7     5.62307    0.986611
           7     5.68771     0.98739
           7     5.75234    0.986784
           7     5.81697    0.987091
           7     5.88161    0.986761
           7     5.94624    0.985435
           7     6.01087    0.985708
           7     6.07551    0.987581
           7     6.14014    0.986499
           7     6.20477    0.985736
           7      6.2694    0.985787
           7     6.33404    0.987638
           7     6.39867    0.986989
           8           0           0
           8    0.064633           0
           8    0.129266           0
           8    0.193899           0
           8    0.258532           0
           8    0.323165           0
           8    0.387798           0
           8    0.452431           0
           8    0.517064           0
           8    0.581697           0
           8     0.64633           0
           8    0.710963           0
           8    0.775596           0
           8     0.84023 0.000898024
           8    0.904863    0.147392
           8    0.969496     1.06199
           8     1.03413     2.02555
           8     1.09876     2.26142
           8     1.16339     2.08438
           8     1.22803     1.82637
           8     1.29266      1.6109
           8     1.35729     1.45004
           8     1.42193     1.33187
           8     1.48656     1.25096
           8     1.55119     1.18644
           8     1.61583     1.14265
           8     1.68046     1.11143
           8     1.74509     1.08706
           8     1.80973     1.07334
           8     1.87436     1.07214
           8     1.93899     1.05858
           8     2.00362     1.05666
           8     2.06826     1.05653
           8     2.13289     1.05185
           8     2.19752     1.04824
           8     2.26216     1.04611
           8     2.32679     1.03889
           8     2.39142     1.03467
           8     2.45606     1.02787
           8     2.52069     1.02101
           8     2.58532     1.01458
           8     2.64995     1.01317
           8     2.71459     1.01026
           8     2.77922      1.0071
           8     2.84385     1.00626
           8     2.90849     1.00537
           8     2.97312      1.0019
           8     3.03775    0.999219
           8     3.10239    0.998452
           8     3.16702    0.998692
           8     3.23165    0.997443
           8     3.29629     0.99599
           8     3.36092    0.994927
           8     3.42555    0.996293
           8     3.49018    0.996313
           8     3.55482    0.992657
           8     3.61945    0.991724
           8     3.68408    0.992558
           8     3.74872    0.992013
           8     3.81335     0.99087
           8     3.87798    0.989276
           8     3.94262    0.990016
           8     4.00725    0.989644
           8     4.07188    0.989315
           8     4.13651    0.990853
           8     4.20115    0.988079
           8     4.26578    0.989595
           8     4.33041    0.988203
           8     4.39505    0.988528
           8     4.45968    0.988313
           8     4.52431     0.98632
           8     4.58895    0.988532
           8     4.65358    0.988252
           8     4.71821    0.987324
           8     4.78285    0.986482
           8     4.84748    0.987081
           8     4.91211    0.987742
           8     4.97674    0.987214
           8     5.04138     0.98679
           8     5.10601    0.986701
           8     5.17064    0.986825
           8     5.23528    0.986154
           8     5.29991    0.985794
           8     5.36454    0.986057
           8     5.42918    0.986092
           8     5.49381    0.986981
           8     5.55844    0.986807
           8     5.62307    0.985863
           8     5.68771    0.985841
           8     5.75234    0.984246
           8     5.81697    0.985088
           8     5.88161    0.986228
           8     5.94624     0.98509
           8     6.01087     0.98478
           8     6.07551    0.985139
           8     6.14014    0.984956
           8     6.20477    0.986864
           8      6.2694    0.985001
           8     6.33404    0.985868
           8     6.39867    0.984389
           9           0           0
           9    0.064633           0
           9    0.129266           0
           9    0.193899           0
           9    0.258532           0
           9    0.323165           0
           9    0.387798           0
           9    0.452431           0
           9    0.517064           0
           9    0.581697           0
           9     0.64633           0
           9    0.710963           0
           9    0.775596           0
           9     0.84023  0.00110158
           9    0.904863    0.147008
           9    0.969496      1.0631
           9     1.03413     2.02522
           9     1.09876     2.26512
           9     1.16339     2.09423
           9     1.22803     1.82686
           9     1.29266     1.61224
           9     1.35729     1.45082
           9     1.42193     1.33211
           9     1.48656     1.25241
           9     1.55119     1.18269
           9     1.61583     1.14299
           9     1.68046     1.11077
           9     1.74509     1.08884
           9     1.80973     1.07206
           9     1.87436     1.06736
           9     1.93899     1.05943
           9     2.00362     1.05685
           9     2.06826     1.05481
           9     2.13289     1.05179
           9     2.19752     1.04623
           9     2.26216     1.04354
           9     2.32679     1.03327
           9     2.39142     1.02909
           9     2.45606     1.02782
           9     2.52069     1.02021
           9     2.58532     1.01521
           9     2.64995     1.01193
           9     2.71459     1.00966
           9     2.77922     1.00576
           9     2.84385     1.00661
           9     2.90849     1.00158
           9     2.97312     1.00132
           9     3.03775     1.00013
           9     3.10239    0.997019
           9     3.16702    0.997394
           9     3.23165    0.996337
           9     3.29629    0.995294
           9     3.36092    0.994615
           9     3.42555    0.992271
           9     3.49018    0.991198
           9     3.55482    0.991655
           9     3.61945    0.991686
           9     3.68408    0.989967
           9     3.74872    0.989594
           9     3.81335    0.990669
           9     3.87798    0.989366
           9     3.94262    0.988841
           9     4.00725    0.988117
           9     4.07188    0.989004
           9     4.13651    0.988346
           9     4.20115    0.988015
           9     4.26578    0.986354
           9     4.33041    0.987803
           9     4.39505    0.989976
           9     4.45968    0.986748
           9     4.52431    0.986718
           9     4.58895    0.986706
           9     4.65358    0.986529
           9     4.71821    0.988785
           9     4.78285    0.987422
           9     4.84748    0.986673
           9     4.91211     0.98626
           9     4.97674    0.988061
           9     5.04138    0.984443
           9     5.10601    0.986633
           9     5.17064    0.986097
           9     5.23528    0.986943
           9     5.29991    0.987955
           9     5.36454    0.986228
           9     5.42918    0.986429
           9     5.49381    0.986179
           9     5.55844    0.985828
           9     5.62307    0.986094
           9     5.68771    0.986942
           9     5.75234    0.986324
           9     5.81697    0.985734
           9     5.88161    0.985644
           9     5.94624    0.984873
           9     6.01087    0.986636
           9     6.07551    0.985468
           9     6.14014    0.986022
           9     6.20477    0.985938
           9      6.2694    0.985532
           9     6.33404    0.986351
           9     6.39867    0.986178
          10           0           0
          10    0.064633           0
          10    0.129266           0
          10    0.193899           0
          10    0.258532           0
          10    0.323165           0
          10    0.387798           0
          10    0.452431           0
          10    0.517064           0
          10    0.581697           0
          10     0.64633           0
          10    0.710963           0
          10    0.775596           0
          10     0.84023  0.00124526
          10    0.904863    0.149841
          10    0.969496     1.06215
          10     1.03413     2.04546
          10     1.09876     2.28785
          10     1.16339     2.10489
          10     1.22803     1.83856
          10     1.29266     1.62487
          10     1.35729     1.45361
          10     1.42193      1.3324
          10     1.48656     1.25444
          10     1.55119     1.19598
          10     1.61583     1.14589
          10     1.68046     1.11122
          10     1.74509      1.0969
          10     1.80973     1.07637
          10     1.87436     1.06499
          10     1.93899      1.0634
          10     2.00362     1.06058
          10     2.06826     1.05574
          10     2.13289     1.05088
          10     2.19752     1.04772
          10     2.26216     1.04531
          10     2.32679     1.04055
          10     2.39142     1.03016
          10     2.45606     1.02677
          10     2.52069     1.02346
          10     2.58532     1.01975
          10     2.64995     1.01699
          10     2.71459     1.01145
          10     2.77922     1.01009
          10     2.84385     1.00515
          10     2.90849     1.00701
          10     2.97312     1.00042
          10     3.03775     1.00193
          10     3.10239     1.00032
          10     3.16702    0.997233
          10     3.23165    0.994929
          10     3.29629    0.997925
          10     3.36092    0.996436
          10     3.42555    0.995176
          10     3.49018    0.992308
          10     3.55482    0.993769
          10     3.61945    0.993669
          10     3.68408    0.991864
          10     3.74872     0.99101
          10     3.81335    0.989533
          10     3.87798    0.990879
          10     3.94262      0.9905
          10     4.00725     0.98933
          10     4.07188    0.987848
          10     4.13651    0.989736
          10     4.20115    0.988891
          10     4.26578    0.988846
          10     4.33041    0.989105
          10     4.39505    0.987593
          10     4.45968     0.98841
          10     4.52431     0.98745
          10     4.58895     0.98781
          10     4.65358    0.986258
          10     4.71821    0.987656
          10     4.78285    0.987701
          10     4.84748    0.985603
          10     4.91211    0.987487
          10     4.97674      0.9865
          10     5.04138    0.986245
          10     5.10601    0.986877
          10     5.17064    0.987635
          10     5.23528    0.985913
          10     5.29991    0.985295
          10     5.36454    0.987543
          10     5.42918    0.984966
          10     5.49381    0.988057
          10     5.55844    0.985145
          10     5.62307    0.985899
          10     5.68771    0.986426
          10     5.75234    0.986167
          10     5.81697    0.985755
          10     5.88161    0.986297
          10     5.94624    0.984656
          10     6.01087    0.986429
          10     6.07551    0.985771
          10     6.14014    0.985835
          10     6.20477    0.985309
          10      6.2694    0.985242
          10     6.33404    0.986995
          10     6.39867    0.986169
