           0           0
           0           0
           0           0
           0           0
           0           0
           0           0
           0           0
           0           0
           0           0
           0           0
           0           0
           0           0
           0           0
 0.000957892 4.89474e-05
    0.148058 0.000337697
     1.06481  0.00140972
     2.03344  0.00316765
     2.26835  0.00351137
       2.091  0.00230474
     1.83188  0.00231222
       1.617  0.00226907
     1.45397  0.00136738
     1.33542  0.00101462
     1.24994  0.00145302
     1.18968  0.00132423
     1.14454  0.00131976
      1.1114 0.000901297
     1.09001  0.00099013
     1.07559 0.000716938
     1.06644 0.000897584
      1.0599 0.000877902
     1.05812 0.000697927
      1.0543 0.000825618
     1.05135 0.000921536
     1.04838 0.000696049
     1.04292 0.000915535
     1.03722 0.000698037
     1.03132  0.00063424
     1.02695 0.000564913
     1.02096 0.000525096
     1.01679  0.00058752
     1.01345 0.000763471
     1.01002 0.000619642
     1.00715 0.000543162
     1.00512 0.000523981
     1.00343 0.000734943
     1.00133  0.00041932
     1.00023 0.000464572
    0.998532 0.000517011
     0.99823 0.000530352
    0.995887 0.000357164
    0.995581 0.000437347
    0.994431 0.000507464
    0.993724 0.000464357
     0.99321 0.000412246
    0.992088 0.000390682
    0.991894 0.000393157
    0.990954 0.000379978
     0.99122 0.000416824
    0.989906 0.000301516
    0.989709 0.000374771
    0.989033 0.000371393
    0.989191 0.000267955
    0.989213  0.00028717
    0.988729 0.000390441
    0.988482 0.000168036
    0.988235 0.000512997
    0.988005 0.000190631
    0.987619 0.000340933
    0.987392 0.000271393
    0.986987 0.000220057
     0.98745 0.000277885
    0.987411 0.000317265
    0.987266 0.000261817
     0.98674 0.000340465
    0.986411  0.00025487
    0.987048 0.000307906
    0.986715 0.000251393
    0.986117 0.000279779
    0.986151 0.000293523
    0.986853   0.0002333
    0.986278 0.000189716
    0.986391 0.000301823
    0.986563 0.000239927
    0.986266 0.000266408
    0.986165 0.000347092
    0.986081 0.000254508
    0.986524 0.000214678
    0.986092 0.000301289
    0.985941 0.000233211
    0.985744 0.000205516
    0.986016 0.000142947
    0.985842 0.000273394
    0.986036 0.000212702
    0.985734 0.000281745
    0.985878 0.000210512
    0.985869  0.00018203
    0.985803 0.000239156
    0.985991 0.000292333
    0.986134 0.000286007
