           1   0.0517608   0.0517608           0
           1   0.0490318   0.0490318           0
           2   0.0490892   0.0490605 2.86839e-05
           3   0.0489111   0.0490107 5.24726e-05
           4   0.0489828   0.0490037 3.77533e-05
           5   0.0489445   0.0489919   3.155e-05
           6   0.0490064   0.0489943  2.5874e-05
           7    0.049103   0.0490098 2.68207e-05
           8   0.0490076   0.0490096 2.32291e-05
           9   0.0489894   0.0490073 2.06084e-05
          10   0.0489523   0.0490018 1.92355e-05
