-0.305389	0.384444
-0.286325	0.243831
0.0413563	0.0669109
0.0972923	-0.078428
0.150551	0.0790868
0.344577	0.0486763
0.486976	0.0263316
0.572863	0.118414
0.880084	0.218015
0.993806	-0.328868
0.581438	-0.608568
0.688437	-0.704601
0.5883	-0.807191
0.673064	-0.937341
0.38298	-0.978553
0.260304	-0.799764
0.249911	-0.380687
0.143493	-0.503222
-0.110978	-0.4729
-0.344422	-0.252172
-0.678823	-0.53004
-0.901718	-0.311666
-0.607156	0.0102743
-0.515239	0.327011
-0.746035	0.27908
-0.759356	0.617184
-0.345099	0.96075
0.218974	0.956176
0.655903	0.805169
0.310259	0.664063
0.229919	0.50527
0.0698525	0.633202
