26.3212
25.9392
24.9423
24.6474
24.493
23.6762
23.0469
22.9878
22.9013
22.4083
21.7342
21.5139
21.5139
21.1299
21.1299
20.8888
20.4352
20.2677
20.1152
20.1152
19.2727
18.6392
18.4719
18.3359
17.7131
17.401
17.401
17.3308
17.0929
16.6695
16.6695
16.6695
16.4437
16.4437
15.9024
15.9024
15.9024
15.9024
15.9024
15.9024
15.9024
15.9024
15.7337
15.7337
15.6476
15.6476
15.1216
15.1216
15.0495
15.0495
15.0495
14.8384
14.7172
14.506
14.2825
14.2825
14.2318
14.0966
14.0966
14.0966
14.0966
14.0966
14.0966
14.0966
14.0966
14.0966
13.8348
13.8348
13.8348
13.8348
13.8348
13.8348
13.8348
13.7324
13.7324
13.7324
13.7324
13.7324
13.7324
13.7324
13.6624
13.6624
13.6624
13.6624
13.6624
13.6624
13.6175
13.6175
13.6175
13.6175
13.3676
13.3676
13.2187
13.2187
13.2187
13.2187
13.2187
13.2187
13.2187
13.2187
13.2187
13.2187
13.2187
12.9911
12.9911
12.9911
12.9911
12.9911
12.9911
12.9911
12.9911
12.9911
12.9911
12.9911
12.9911
12.9911
12.9911
12.9911
12.9911
12.9911
12.9911
12.9911
12.9911
12.9911
12.9911
12.9911
12.9911
12.9911
12.9911
12.9911
12.9911
12.9911
12.9911
12.9911
12.9911
12.9911
12.9911
12.9911
12.8055
12.8055
12.8055
12.8055
12.8055
12.8055
12.8055
12.8055
12.8055
12.8055
12.8055
12.7988
12.7988
12.7988
12.7988
12.7988
12.7988
12.7988
12.7988
12.7988
12.7988
12.7988
12.7988
12.7988
12.7988
12.7988
12.6761
12.6761
12.6761
12.6761
12.6761
12.6761
12.2976
12.2976
12.2976
11.7267
11.7267
11.7267
11.7267
11.7267
11.7267
11.7267
11.7267
11.7149
11.7149
11.7149
11.7149
11.7149
11.7149
11.7149
11.7149
11.6702
11.6702
11.6702
11.6702
11.6702
11.6702
11.6702
11.6702
11.6702
11.6702
11.6536
11.6536
11.6536
11.6536
11.6536
11.6123
11.6123
11.6123
11.6123
11.6123
11.1852
11.1852
11.1852
11.1852
11.1852
11.1852
11.1852
11.1852
11.1852
11.1852
11.1852
11.1852
11.0306
11.0306
11.0306
11.0306
11.0306
11.0306
11.0306
11.0306
11.0306
11.0306
11.0306
11.0306
11.0306
11.0306
11.0306
11.0306
11.0306
11.0306
11.0306
11.0306
11.0306
11.0306
11.0306
11.0306
11.0306
11.0306
11.0306
11.0306
11.0306
11.0306
11.0306
11.0306
11.0306
11.0306
11.0306
11.0306
11.0306
11.0306
11.0306
11.0306
11.0306
11.0306
11.0306
11.0306
11.0306
11.0306
11.0306
11.0306
11.0306
11.0306
11.0306
11.0306
11.0306
11.0306
11.0306
11.0306
11.0306
11.0306
11.0306
11.0306
11.0306
11.0306
11.0306
11.0306
11.0306
11.0306
11.0306
11.0306
11.0306
11.0306
11.0306
11.0306
11.0306
11.0306
11.0306
11.0306
11.0306
11.0306
11.0306
11.0306
11.0306
10.497
10.497
10.497
10.497
10.497
10.497
10.497
10.497
10.497
10.497
10.497
10.497
10.497
10.497
10.497
10.497
10.497
10.497
10.497
10.497
10.497
10.497
10.497
10.497
10.497
10.497
10.497
10.497
10.497
10.497
10.497
10.497
10.497
10.497
10.497
10.497
10.497
10.497
10.497
10.497
10.497
10.497
10.497
10.497
10.497
10.497
10.497
10.497
10.497
10.497
10.497
10.497
10.497
10.497
10.497
10.497
10.497
10.497
10.497
10.497
10.497
10.497
10.497
10.497
10.497
10.497
10.497
10.497
10.497
10.497
10.497
10.497
10.497
10.497
10.497
10.497
10.497
10.497
10.497
10.497
10.497
10.497
10.497
10.497
10.497
10.497
10.497
10.497
10.497
10.497
10.497
10.497
10.497
10.497
10.497
10.497
10.497
10.497
10.497
10.497
10.497
10.497
10.497
10.497
10.497
10.497
10.497
10.497
10.497
10.497
10.497
10.497
10.497
10.497
10.497
10.497
10.497
10.497
10.497
10.497
10.497
10.497
10.497
10.497
10.497
10.497
10.497
10.497
10.497
10.497
10.497
10.497
10.497
10.497
10.497
10.497
10.497
10.497
10.497
10.497
10.497
10.497
10.497
10.497
10.497
10.497
10.497
10.497
10.497
10.497
10.497
10.497
10.497
10.497
10.497
10.497
10.497
10.497
10.497
10.497
10.497
10.497
10.497
10.497
10.497
10.497
10.497
10.497
10.497
10.497
10.497
10.497
10.497
10.497
10.497
10.497
10.497
10.497
10.497
10.497
10.497
10.497
10.497
10.497
10.497
10.497
10.497
10.497
10.497
10.497
10.497
10.497
10.497
10.497
10.497
10.497
10.497
10.497
10.497
10.497
10.497
10.497
10.497
10.497
10.497
10.497
10.497
10.497
10.497
10.497
10.497
10.497
10.497
10.497
10.497
10.497
10.497
10.497
10.497
10.497
10.497
10.497
10.497
10.497
10.497
10.497
10.497
10.497
10.497
10.497
10.497
10.497
10.497
10.497
10.497
10.497
10.497
10.497
10.497
10.497
10.497
10.497
10.497
10.497
10.497
10.497
10.497
10.497
10.497
10.497
10.497
10.497
10.497
10.497
10.497
10.497
10.497
10.497
10.497
10.497
10.497
10.497
10.497
10.497
10.497
10.497
10.497
10.497
10.497
10.497
10.497
10.497
10.497
10.497
10.497
10.497
10.497
10.497
10.497
10.497
10.497
10.497
10.497
10.497
10.497
10.1472
10.1472
10.1472
10.1472
10.1472
10.1472
10.1472
10.1472
10.1472
10.1472
10.1472
10.1472
10.1472
10.1472
10.1472
10.1472
10.1472
10.1472
10.1472
10.1472
10.1472
10.1472
10.1472
10.1472
10.1472
10.1472
10.1472
10.1472
10.1472
10.1472
10.1472
10.1472
10.1472
10.1472
10.1472
10.1472
10.1472
10.1472
10.1472
10.1472
10.1472
10.1472
10.1472
10.1472
10.1472
10.1472
10.1472
10.1472
10.1472
10.1472
10.1472
10.1472
10.1472
10.1472
10.1472
10.1472
10.1472
10.1472
10.1472
10.1472
10.1472
10.1472
10.1472
10.1472
10.1472
10.1472
10.1472
10.1472
10.1472
10.1472
10.1472
10.1472
10.1472
10.1472
10.1472
10.1472
10.1472
10.1472
10.1472
10.1472
10.1472
10.1472
10.1472
10.1472
10.1472
10.1472
10.1472
10.1472
10.1472
10.1472
10.1472
10.1472
10.1472
10.1472
10.1472
10.1472
10.1472
10.1472
10.1472
10.1472
10.1472
10.1472
10.1472
10.1472
10.1472
10.1472
10.1472
10.1472
10.1472
10.1472
10.1472
10.1472
10.1472
10.1472
10.1472
10.1472
10.1472
10.1472
10.1472
10.1472
10.1472
10.1472
10.1472
10.1472
10.1472
10.1472
10.1472
10.1472
10.1472
10.1472
10.1472
10.1472
10.1472
10.1152
10.1152
10.1152
10.1152
10.1152
10.1152
10.1152
10.1152
10.1152
10.1152
10.1152
10.1152
10.1152
10.1152
10.1152
10.1152
10.1152
10.1152
10.1152
10.1152
10.1152
10.1152
10.1152
10.1152
10.1152
10.1152
10.1152
10.1152
10.1152
10.1152
10.1152
10.1152
10.1152
10.1152
10.1152
10.1152
10.1152
10.1152
10.1152
10.1152
10.1152
10.1152
10.1152
10.1152
10.1152
10.1152
10.1152
10.1152
10.1152
10.1152
10.1152
10.1152
10.1152
10.1152
10.1152
10.1152
10.1152
10.1152
10.1152
10.1152
10.1152
10.1152
10.1152
10.1152
10.1152
10.1152
10.1152
10.1152
10.1152
10.1152
10.1152
10.1152
10.1152
10.1152
10.1152
10.1152
10.1152
10.1152
10.1152
10.1152
10.1152
10.1152
10.1152
10.1152
10.1152
10.1152
10.1152
10.1152
10.1152
10.1152
10.1152
10.1152
10.1152
10.1152
10.1152
10.1152
10.1152
10.1152
10.1152
10.1152
10.1152
10.1152
10.1152
10.1152
10.1152
10.1152
10.1152
10.1152
10.1152
10.1152
10.1152
10.1152
10.1152
10.1152
10.1152
10.1152
10.1152
10.1152
10.1152
10.1152
10.1152
10.1152
10.1152
10.1152
10.1152
10.1152
10.1152
10.1152
10.1152
10.1152
10.1152
10.1152
10.1152
10.1152
10.1152
10.1152
10.1152
10.1152
10.1152
10.1152
10.1152
10.1152
10.1152
10.1152
10.1152
10.1152
10.1152
10.1152
10.1152
10.1152
10.1152
10.1152
10.1152
10.1152
10.1152
10.1152
10.1152
10.1152
10.1152
10.1152
10.1152
10.1152
10.1152
10.1152
10.1152
10.1152
10.1152
10.1152
10.1152
10.1152
10.1152
10.1152
10.1152
10.1152
10.1152
10.1152
10.1152
10.1152
10.1152
10.1152
10.1152
10.1152
10.1152
10.1152
10.1152
10.1152
10.1152
10.1152
10.1152
10.1152
10.1152
10.1152
10.1152
10.1152
10.1152
10.1152
10.1152
10.1152
10.1152
10.1152
10.1152
10.1152
10.1152
10.1152
10.1152
10.1152
10.1152
10.1152
10.1152
10.1152
10.1152
10.1152
10.1152
10.1152
10.1152
10.1152
10.1152
10.1152
10.1152
10.1152
10.1152
10.1152
10.1152
10.1152
10.1152
10.1152
10.1152
10.1152
10.1152
10.1152
10.1152
10.1152
10.1152
10.1152
10.1152
10.1152
10.1152
10.1152
10.1152
10.1152
10.1152
10.1152
10.1152
10.1152
10.1152
10.1152
10.1152
10.1152
10.1152
10.1152
10.1152
10.1152
10.1152
10.1152
10.1152
10.1152
10.1152
10.1152
10.1152
10.1152
10.1152
10.1152
10.1152
10.1152
10.1152
10.1152
10.1152
10.1152
10.1152
10.1152
10.1152
10.1152
10.1152
10.1152
10.1152
10.1152
10.1152
10.1152
10.1152
10.1152
