-0.622001	0.783017
-0.761342	0.64835
-0.77601	0.63072
-0.789826	0.613331
-0.844306	0.535862
-0.936611	0.350372
-0.999857	0.0169196
-0.945137	-0.326673
-0.910025	-0.414553
-0.806857	-0.590747
-0.788188	-0.615434
-0.23428	-0.972169
-0.228468	-0.973551
0.274218	-0.961667
0.309496	-0.950901
0.548786	-0.835963
0.588991	-0.808139
0.690807	-0.72304
0.698855	-0.715263
0.778544	-0.62759
0.999029	0.0440652
0.998541	0.0539927
0.990169	0.139875
0.979297	0.202427
0.976786	0.214215
0.970661	0.240453
0.885283	0.465053
0.525759	0.850633
0.423292	0.905993
0.414177	0.910196
0.223231	0.974766
0.109651	0.99397
-0.622001	0.783017
-0.761342	0.64835
-0.77601	0.63072
-0.789826	0.613331
-0.844306	0.535862
-0.936611	0.350372
-0.999857	0.0169196
-0.945137	-0.326673
-0.910025	-0.414553
-0.806857	-0.590747
-0.788188	-0.615434
-0.23428	-0.972169
-0.228468	-0.973551
0.274218	-0.961667
0.309496	-0.950901
0.548786	-0.835963
0.588991	-0.808139
0.690807	-0.72304
0.698855	-0.715263
0.778544	-0.62759
0.999029	0.0440652
0.998541	0.0539927
0.990169	0.139875
0.979297	0.202427
0.976786	0.214215
0.970661	0.240453
0.885283	0.465053
0.525759	0.850633
0.423292	0.905993
0.414177	0.910196
0.223231	0.974766
0.109651	0.99397
-0.622001	0.783017
-0.761342	0.64835
-0.77601	0.63072
-0.789826	0.613331
-0.844306	0.535862
-0.936611	0.350372
-0.999857	0.0169196
-0.945137	-0.326673
-0.910025	-0.414553
-0.806857	-0.590747
-0.788188	-0.615434
-0.23428	-0.972169
-0.228468	-0.973551
0.274218	-0.961667
0.309496	-0.950901
0.548786	-0.835963
0.588991	-0.808139
0.690807	-0.72304
0.698855	-0.715263
0.778544	-0.62759
0.999029	0.0440652
0.998541	0.0539927
0.990169	0.139875
0.979297	0.202427
0.976786	0.214215
0.970661	0.240453
0.885283	0.465053
0.525759	0.850633
0.423292	0.905993
0.414177	0.910196
0.223231	0.974766
0.109651	0.99397
