34.548
32.705
31.5566
30.1405
28.4271
26.8118
25.4532
25.2068
25.2014
23.9818
23.2937
22.0872
22.0691
21.3512
21.3512
21.3512
21.1607
21.1607
21.1607
21.1127
20.4703
20.4703
19.7863
19.7863
19.3332
19.3332
19.3332
19.202
19.1674
17.5836
17.1831
16.7902
15.7695
15.5519
15.5519
15.5519
15.5519
15.5519
15.5519
15.5519
15.4595
13.7611
13.3046
13.3046
13.3046
13.3046
13.3046
13.1181
13.1181
13.1181
13.1181
13.1181
13.1181
13.1181
13.1181
13.1181
13.1181
13.1181
13.0992
13.0992
12.9753
12.9564
12.9564
12.9052
12.8453
12.8453
12.8453
12.7439
12.7439
12.7439
12.7439
12.7439
12.7439
12.7439
12.7439
12.7439
12.7439
12.7439
12.7439
12.7439
12.7439
12.7439
12.7439
12.7439
12.7439
12.7439
12.7391
12.7391
12.7391
12.7391
12.7391
12.7391
12.7391
12.7391
12.7391
12.7391
12.7391
12.7391
12.7391
12.7391
12.7391
12.7391
12.5196
12.5196
11.209
10.8486
10.8336
10.8336
10.8336
10.8336
9.82967
9.82967
9.82967
9.82967
9.82967
9.82967
9.82967
9.82967
9.82967
9.82967
9.82967
9.82967
9.82967
9.82967
9.82967
9.82967
9.82967
9.82967
9.82967
9.82967
9.82967
9.82967
9.82967
9.82967
9.82967
9.82967
9.82967
9.82967
9.82967
9.82967
9.82967
9.82967
9.82967
9.82967
9.82967
9.82967
9.82967
9.82967
9.82967
9.82967
9.82967
9.82967
9.82967
9.82967
9.82967
9.82967
9.82967
9.82967
9.82967
9.82967
9.82967
9.82967
9.81211
9.81211
9.81211
9.81211
9.81211
9.81211
9.81211
9.81211
9.81211
9.81211
9.81211
9.81211
9.81211
9.81211
9.81211
9.81211
9.81211
9.81211
9.81211
9.81211
9.81211
9.81211
9.81211
9.81211
9.72216
9.72216
9.72216
9.72216
9.72216
9.72216
9.72216
9.72152
9.72152
9.72152
9.72152
9.72152
9.72152
9.72152
9.72152
9.72152
9.72152
9.72152
9.72152
9.72152
9.72152
9.72152
9.72152
8.84505
8.84505
8.84505
8.84505
8.84505
8.84505
8.84505
8.84505
8.84505
8.63848
8.63848
8.63848
8.63848
8.63848
8.63848
8.63848
8.63848
8.63848
8.63848
8.63848
8.63848
8.63848
8.63848
8.63848
8.39321
8.39321
8.39321
8.39321
8.39321
8.39321
8.39321
8.39321
8.39321
8.39321
8.39321
8.39321
8.39321
8.39321
8.39321
8.39321
8.39321
8.39321
8.39307
8.39307
8.39307
8.39307
8.39307
8.39307
7.86536
7.86536
7.86536
7.86536
7.86536
7.86536
7.86536
7.86536
7.86536
7.86536
7.86536
7.86536
7.86536
7.86536
7.86536
7.86536
7.86536
7.86536
7.86536
7.86536
7.86536
7.86536
7.86536
7.86536
7.86536
7.86536
7.86536
7.86536
7.86536
7.86536
7.86536
7.86536
7.86536
7.86536
7.86536
7.86536
7.86536
7.86536
7.86536
7.86536
7.86536
7.86536
6.36777
6.36777
6.36777
6.36777
6.36777
6.36777
6.36777
6.36777
6.36777
6.36777
6.36777
6.36777
6.36777
6.36777
6.36777
6.36777
6.36777
6.36777
6.36777
6.36777
6.36777
6.36777
6.36777
6.36777
6.36777
6.36777
6.36777
6.36777
6.36777
6.36777
6.36777
6.36777
6.36777
6.36777
6.36777
6.36777
6.36777
6.36777
6.36777
6.36777
6.36777
6.36777
6.36777
6.36777
6.36777
6.36777
6.36777
6.36777
6.36777
6.36777
6.36777
6.36777
6.36777
6.36777
6.36777
6.36777
6.36777
6.36777
6.36777
6.36777
6.36777
6.36777
6.27064
6.27064
6.27064
6.27064
6.27064
6.27064
6.27064
6.27064
6.27064
6.27064
6.27064
6.27064
6.27064
6.27064
6.27064
6.27064
6.27064
6.27064
6.27064
6.27064
6.27064
6.27064
6.27064
6.27064
6.27064
6.27064
6.27064
6.27064
6.27064
6.27064
6.27064
6.27064
6.27064
6.27064
6.27064
6.27064
6.27064
6.27064
6.27064
6.27064
6.27064
6.27064
6.27064
6.27064
6.27064
6.27064
6.27064
6.27064
6.27064
6.27064
6.27064
6.27064
6.27064
6.27064
6.27064
6.27064
6.27064
6.27064
6.27064
6.27064
6.27064
6.27064
6.27064
6.27064
6.27064
6.27064
6.27064
6.27064
6.27064
6.27064
6.27064
6.27064
6.27064
6.27064
6.27064
6.27064
6.27064
6.27064
6.27064
6.27064
6.27064
6.27064
6.27064
6.27064
6.27064
6.27064
6.27064
6.24107
6.21697
6.21697
6.21697
6.21697
6.21697
6.21697
6.21697
6.21697
6.21697
6.21697
6.21697
6.21697
6.21697
6.21697
6.21697
6.21697
6.21697
6.21697
6.21697
6.21697
6.21697
6.21697
6.21697
6.21697
6.21697
6.21697
6.21697
6.21697
6.21697
6.21697
6.21697
6.21697
6.21697
6.21697
6.21697
6.21697
6.21697
6.21697
6.21697
6.21697
6.21697
6.21697
6.21697
6.21697
6.21697
6.21697
6.21697
6.21697
6.21697
6.21697
6.21697
6.21697
6.21697
6.21697
6.21697
6.21697
6.21697
6.21697
6.21697
6.21697
6.21697
6.21697
6.21697
6.21697
6.21697
6.21697
6.21697
6.21697
6.21697
6.21697
6.21697
6.21697
6.21697
6.21697
6.21697
6.21697
6.21697
6.21697
6.21697
6.21697
6.21697
6.21697
6.21697
6.21697
6.21697
6.21697
6.21697
6.21697
6.21697
6.21697
6.21697
6.21697
6.21697
6.21697
6.21697
6.21697
6.21697
6.21697
6.21697
6.21697
6.21697
6.21697
6.21697
6.21697
6.21697
6.21697
6.21697
6.21697
6.21697
6.21697
6.21697
6.21697
6.21697
6.21697
6.21697
6.21697
6.21697
6.21697
6.21697
6.21697
6.21697
6.21697
6.21697
6.21697
6.21697
6.21697
6.21697
6.21697
6.21697
6.21697
6.21697
6.21697
6.21697
6.21697
6.21697
6.21697
6.21697
6.21697
6.21697
6.21697
6.21697
6.21697
6.21697
6.21697
6.21697
6.21697
6.21697
6.21697
6.21697
6.21697
6.21697
6.21697
6.21697
6.21697
6.21697
6.21697
6.21697
6.21697
6.21697
6.21697
6.21697
6.21697
6.21697
6.21697
6.21697
6.21697
6.21697
6.21697
6.21697
6.21697
6.21697
6.21697
6.21697
6.21697
6.21697
6.21697
6.21697
6.21697
6.21697
6.21697
6.21697
6.21697
6.21697
6.21697
6.21697
6.21697
6.21697
6.21697
6.21697
6.21697
6.21697
6.21697
6.21697
6.21697
6.21697
6.21697
6.21697
6.21697
6.21697
6.21697
6.21697
6.21697
6.21697
6.21697
6.21697
6.21697
6.21697
6.21697
6.21697
6.21697
6.21697
6.21697
6.21697
6.21697
6.21697
6.21697
6.21697
6.21697
6.21697
6.21697
6.21697
6.21697
6.21697
6.21697
6.21697
6.21697
6.21697
6.21697
6.21697
6.21697
6.21697
6.21697
6.21697
6.21697
6.21697
6.21697
6.21697
6.21697
6.21697
6.21697
6.21697
6.21697
6.21697
6.21697
6.21697
6.21697
6.21697
6.21697
6.21697
6.21697
6.21697
6.21697
6.21697
6.21697
6.21697
6.21697
6.21697
6.21697
6.21697
6.21697
6.21697
6.21697
6.21697
6.21697
6.21697
6.21697
6.21697
6.21697
6.21697
6.21697
6.21697
6.21697
6.21697
6.21697
6.21697
6.21697
6.21697
6.21697
6.21697
6.21697
6.21697
6.21697
6.21697
6.21697
6.21697
6.21697
6.21697
6.21697
6.21697
6.21697
6.21697
6.21697
6.21697
6.21697
6.21697
6.21697
6.21697
6.21697
6.21697
6.21697
6.21697
6.21697
6.21697
6.21697
6.21697
6.21697
6.21697
6.21697
6.21697
6.21697
6.21697
6.21697
6.21697
6.21697
6.21697
6.21697
6.21697
6.21697
6.21697
6.21697
6.21697
6.21697
6.21697
6.21697
6.21697
6.21697
6.21697
6.21697
6.21697
6.21697
6.21697
6.21697
6.21697
6.21697
6.21697
6.21697
6.21697
6.21697
6.21697
6.21697
6.21697
6.21697
6.21697
6.21697
6.21697
6.21697
6.21697
6.21697
6.21697
6.21697
6.21697
6.21697
6.21697
6.21697
6.21697
6.21697
6.21697
6.21697
6.21697
6.21697
6.21697
6.21697
6.21697
6.21697
6.21697
6.21697
6.21697
6.21697
6.21697
6.21697
6.21697
6.21697
6.21697
6.21697
6.21697
6.21697
6.21697
6.21697
6.21697
6.21697
6.21697
6.21697
6.21697
6.21697
6.21697
6.21697
6.21697
6.21697
6.21697
6.21697
6.21697
6.21697
6.21697
6.21697
6.21697
6.21697
6.21697
6.21697
6.21697
6.21697
6.21697
6.21697
6.21697
6.21697
6.21697
6.21697
6.21697
6.21697
6.21697
6.21697
6.21697
6.21697
6.21697
6.21697
6.21697
6.21697
6.21697
6.21697
6.21697
6.21697
6.21697
6.21697
6.21697
6.21697
6.21697
6.21697
6.21697
6.21697
6.21697
6.21697
6.21697
6.21697
6.21697
6.21697
6.21697
6.21697
6.21697
6.21697
6.21697
6.21697
6.21697
6.21697
6.21697
6.21697
6.21697
6.21697
6.21697
6.21697
6.21697
6.21697
6.21697
6.21697
6.21697
6.21697
6.21697
6.21697
6.21697
6.21697
6.21697
6.21697
6.21697
6.21697
6.21697
6.21697
6.21697
6.21697
6.21697
6.21697
6.21697
6.21697
6.21697
6.21697
6.21697
6.21697
6.21697
6.21697
6.21697
6.21697
6.21697
6.21697
6.21697
6.21697
6.21697
6.21697
6.21697
6.21697
6.21697
6.21697
6.21697
6.21697
6.21697
6.21697
6.21697
6.21697
6.21697
6.21697
6.21697
6.21697
6.21697
6.21697
6.21697
6.21697
6.21697
6.21697
6.21697
6.21697
6.21697
6.21697
6.21697
6.21697
6.21697
6.21697
6.21697
6.21697
6.21697
6.21697
6.21697
6.21697
6.21697
6.21697
6.21697
6.21697
6.21697
6.21697
6.21697
6.21697
6.21697
6.21697
6.21697
6.21697
6.21697
6.21697
6.21697
6.21697
6.21697
6.21697
6.21697
6.21697
6.21697
6.21697
6.21697
6.21697
6.21697
6.21697
6.21697
6.21697
6.21697
6.21697
6.21697
6.21697
6.21697
