0.006
0.0066
0.00726
0.007986
0.0087846
0.00966306
0.0106294
0.0116923
0.0128615
0.0141477
0.0155625
0.0171187
0.0188306
0.0207136
0.022785
0.0250635
0.0275698
0.0303268
0.0333595
0.0366955
0.040365
0.0444015
0.0488416
0.0537258
0.0590984
0.0650082
0.0715091
0.07866
0.086526
0.0951786
0.104696
0.115166
0.126683
0.139351
0.153286
0.168615
0.185476
0.204024
0.224426
0.246869
0.271556
0.298711
0.328582
0.36144
0.397584
0.437343
0.481077
0.529185
0.582103
0.640314
0.704345
0.77478
0.852258
0.937483
1.03123
1.13435
1.24779
1.37257
1.50983
1.66081
1.82689
2.00958
2.21054
2.43159
2.67475
2.94222
3.23645
3.56009
3.9161
4.30771
4.73848
5.21233
5.73356
6.30692
6.93761
7.63137
8.39451
9.23396
10.1574
11.1731
12.2904
13.5194
14.8714
16.3585
17.9944
19.7938
21.7732
23.9505
26.3456
28.9801
31.8781
35.0659
38.5725
42.4298
46.6728
51.3401
56.4741
62.1215
68.3336
75.167
82.6837
90.952
100.047
110.052
121.057
133.163
146.479
161.127
177.24
194.964
214.46
235.906
259.497
285.446
313.991
345.39
379.929
417.922
459.714
505.686
556.254
611.88
673.068
740.375
814.412
895.853
985.439
1083.98
1192.38
1311.62
1442.78
1587.06
1745.76
1920.34
2112.38
2323.61
2555.97
2811.57
3092.73
3402
3742.2
4116.42
4528.06
4980.87
5478.96
6026.85
6629.54
7292.49
8021.74
8823.92
