27.8772
26.5074
26.1809
25.7905
25.3114
24.8404
24.3875
23.5101
22.8818
22.6759
21.9675
21.5162
21.0901
20.7473
20.0896
19.4956
18.9154
18.5641
17.7356
17.6788
17.6778
17.6745
17.6668
17.5611
17.3151
17.0455
16.6282
16.587
16.574
16.5716
16.5525
16.2468
15.6389
15.596
15.5515
15.4767
15.307
15.2091
15.1414
15.1252
15.1252
15.1252
15.1137
14.8445
14.5481
14.5481
14.5467
14.532
14.4801
14.3175
14.0744
14.0266
14.0266
14.0266
14.0249
13.9932
13.9387
13.9387
13.9387
13.9387
13.9387
13.9387
13.9387
13.9387
13.9387
13.9387
13.9387
13.9387
13.9387
13.9387
13.9348
13.8653
13.7679
13.7308
13.659
13.5284
13.1106
12.8339
12.8207
12.8207
12.8207
12.8207
12.8207
12.8207
12.8164
12.7563
12.6532
12.606
12.6047
12.5803
12.5417
12.5417
12.5321
12.3299
12.0605
12.0605
12.0605
12.0605
12.0605
12.0605
12.0605
12.0605
12.0605
12.0605
12.0605
12.0605
12.0605
12.0605
12.0605
12.0605
12.0605
12.0605
12.0605
12.0605
12.0605
12.0605
12.0605
12.0605
12.0605
12.0605
12.055
11.9456
11.7924
11.7869
11.7869
11.7869
11.7869
11.7869
11.7869
11.7869
11.7869
11.7869
11.7869
11.786
11.7561
11.5823
11.3432
11.3432
11.3432
11.3432
11.3432
11.3411
11.3103
11.2402
11.2402
11.2402
11.2402
11.2402
11.2402
11.2402
11.2402
11.2402
11.2402
11.2402
11.2402
11.2402
11.2402
11.2402
11.2402
11.2402
11.2402
11.2402
11.2402
11.2402
11.2402
11.2402
11.2402
11.2402
11.2402
11.2402
11.2402
11.2402
11.2402
11.2402
11.2402
11.2402
11.2402
11.2402
11.2402
11.2402
11.2402
11.2402
11.2402
11.2393
11.2377
11.2376
11.2376
11.2376
11.2376
11.2376
11.2376
11.2376
11.2376
11.2376
11.2376
11.2376
11.2376
11.2376
11.2455
11.2376
11.0285
10.696
10.6462
10.6462
10.6462
10.6462
10.6462
10.6462
10.6462
10.6462
10.6462
10.6462
10.6462
10.6462
10.6462
10.6462
10.6462
10.6462
10.6462
10.6462
10.6462
10.6462
10.6438
10.6131
10.5422
10.528
10.528
10.528
10.528
10.528
10.528
10.528
10.528
10.528
10.528
10.528
10.528
10.528
10.528
10.528
10.528
10.528
10.528
10.528
10.528
10.5239
10.437
10.3211
10.3211
10.3211
10.3211
10.3211
10.3211
10.3211
10.3211
10.3211
10.3211
10.3211
10.3211
10.3211
10.3211
10.3211
10.3211
10.3211
10.3211
10.3211
10.3211
10.3211
10.3211
10.3211
10.3211
10.3211
10.3211
10.3211
10.3211
10.3211
10.3211
10.3211
10.3211
10.3211
10.3211
10.3211
10.3211
10.3211
10.3211
10.3211
10.3211
10.3211
10.3211
10.3211
10.3211
10.3211
10.3211
10.3211
10.3211
10.3211
10.3211
10.3211
10.3211
10.3211
10.3199
10.3177
10.3173
10.3173
10.3173
10.3173
10.3173
10.3173
10.3173
10.3173
10.3173
10.3173
10.3173
10.3173
10.3173
10.3173
10.3173
10.3173
10.3173
10.3173
10.3173
10.3173
10.3173
10.3173
10.3173
10.3173
10.3173
10.3173
10.3173
10.3173
10.3173
10.3173
10.3173
10.3173
10.3173
10.3173
10.3173
10.3173
10.3173
10.3173
10.3173
10.3173
10.3173
10.3173
10.3173
10.3173
10.3173
10.3173
10.3173
10.3173
10.3173
10.3173
10.3173
10.3173
10.3173
10.3173
10.3173
10.3173
10.3173
10.3173
10.3173
10.3173
10.3173
10.3173
10.3173
10.3173
10.3173
10.3173
10.3173
10.3173
10.3173
10.3173
10.3173
10.3173
10.3173
10.3173
10.3173
10.3173
10.3173
10.3173
10.3173
10.3173
10.3173
10.3173
10.3173
10.3173
10.3173
10.3173
10.3173
10.3173
10.3173
10.3173
10.3173
10.3173
10.3173
10.3173
10.3173
10.3173
10.3173
10.3173
10.3173
10.3173
10.3173
10.3173
10.3173
10.3173
10.3173
10.3173
10.3173
10.3173
10.3173
10.3173
10.3173
10.3173
10.3173
10.3173
10.3173
10.3173
10.3173
10.3173
10.3173
10.3173
10.3173
10.3173
10.3173
10.3173
10.3173
10.3173
10.3173
10.3173
10.3173
10.3173
10.3173
10.3173
10.3173
10.3173
10.3173
10.3173
10.3173
10.3173
10.3173
10.3173
10.3173
10.3173
10.3173
10.3173
10.3173
10.3173
10.3173
10.3173
10.3173
10.3173
10.3173
10.3173
10.3173
10.3173
10.3173
10.3173
10.3173
10.3173
10.3173
10.3173
10.3173
10.3173
10.3173
10.3173
10.3173
10.3173
10.3173
10.3173
10.3173
10.3173
10.3173
10.3173
10.3173
10.3173
10.3173
10.3173
10.3173
10.3173
10.3173
10.3173
10.3173
10.3173
10.3173
10.3173
10.3173
10.3173
10.3173
10.3173
10.3173
10.3173
10.3173
10.3173
10.3173
10.3173
10.3173
10.3173
10.3173
10.3173
10.3173
10.3173
10.3173
10.3173
10.3173
10.3173
10.3173
10.3173
10.3173
10.3173
10.3173
10.3173
10.3173
10.3173
10.3173
10.3173
10.3173
10.3173
10.3173
10.3173
10.3173
10.3173
10.3173
10.3173
10.3173
10.3173
10.3173
10.3173
10.3173
10.3173
10.3173
10.3173
10.3173
10.3173
10.3173
10.3173
10.3173
10.3173
10.3173
10.3173
10.3173
10.3173
10.3173
10.3173
10.3173
10.3173
10.3173
10.3173
10.3173
10.3173
10.3173
10.3173
10.3173
10.3173
10.3173
10.3173
10.3173
10.3173
10.3173
10.3173
10.3173
10.3173
10.3173
10.3173
10.3173
10.3173
10.3173
10.3173
10.3173
10.3173
10.3173
10.3173
10.3173
10.3173
10.3173
10.3173
10.3173
10.3173
10.3173
10.3173
10.3173
10.3173
10.3173
10.3173
10.3173
10.3173
10.3173
10.3173
10.3173
10.3173
10.3173
10.3173
10.3173
10.3173
10.3173
10.3173
10.3173
10.3173
10.3173
10.3173
10.1438
9.91145
9.91145
9.91145
9.91145
9.91145
9.91145
9.91145
9.91145
9.91145
9.91145
9.91145
9.91145
9.91145
9.91145
9.91145
9.91145
9.91145
9.91145
9.91145
9.91145
9.91145
9.91145
9.91145
9.91145
9.91145
9.91145
9.91145
9.91145
9.91145
9.91145
9.91145
9.91145
9.91145
9.91145
9.91145
9.91145
9.91145
9.91145
9.91145
9.91145
9.91145
9.91145
9.91145
9.91145
9.91145
9.91145
9.91145
9.91145
9.91145
9.91145
9.91145
9.91145
9.91145
9.91145
9.91145
9.91145
9.91145
9.91145
9.91145
9.91145
9.91145
9.91145
9.91145
9.91145
9.91145
9.91145
9.91145
9.91145
9.91145
9.91145
9.91145
9.91145
9.91145
9.91145
9.91145
9.91145
9.91145
9.91145
9.91145
9.91145
9.91145
9.91145
9.91145
9.91145
9.91145
9.91145
9.91145
9.91145
9.91145
9.91145
9.91145
9.91145
9.91145
9.91145
9.91145
9.91145
9.91145
9.91145
9.91145
9.91145
9.91145
9.91145
9.91145
9.91145
9.91145
9.91145
9.91145
9.91145
9.91145
9.91145
9.91145
9.91145
9.91145
9.91145
9.91145
9.91145
9.91145
9.91145
9.91145
9.91145
9.91145
9.91145
9.91145
9.91145
9.91145
9.91145
9.91145
9.91145
9.91145
9.91145
9.91145
9.91145
9.91145
9.91145
9.91145
9.91145
9.91145
9.91145
9.91145
9.91145
9.91145
9.91145
9.91145
9.91145
9.91145
9.91145
9.91145
9.91145
9.91145
9.91145
9.91145
9.91145
9.91145
9.91145
9.91145
9.91145
9.91145
9.91145
9.91145
9.91145
9.91145
9.91145
9.91145
9.91145
9.91145
9.91145
9.91145
9.91145
9.91145
9.91145
9.91145
9.91145
9.91145
9.91145
9.91145
9.91145
9.91145
9.91145
9.91145
9.91145
9.91145
9.91145
9.91145
9.91145
9.91145
9.91145
9.91145
9.91145
9.91145
9.91145
9.91145
9.91145
9.91145
9.91145
9.91145
9.91145
9.91145
9.91145
9.91145
9.91145
9.91145
9.91145
9.91145
9.91145
9.91145
9.91145
9.91145
9.91145
9.91145
9.91145
9.91145
9.91145
9.91145
9.91145
9.91145
9.91145
9.91145
9.91145
9.91145
9.91145
9.91145
9.91145
9.91145
9.91145
9.91145
9.91145
9.91145
9.91145
9.91145
9.91145
9.91145
9.91145
9.91145
9.91145
9.91145
9.91145
9.91145
9.91145
9.91145
9.91145
9.91145
9.91145
9.91145
9.91145
9.91145
9.91145
9.91145
9.91145
9.91145
9.91145
9.91145
9.91145
9.91145
9.91145
9.91145
9.91145
9.91145
9.91145
9.91145
9.91145
9.91145
9.91145
9.91145
9.91145
9.91145
9.91145
9.91145
9.91145
9.91145
9.91145
9.91145
9.91145
9.91145
9.91145
9.91145
9.91145
9.91145
9.91145
9.91145
9.91145
9.91145
9.91145
9.91145
9.91145
9.91145
9.91145
9.91145
9.91145
9.91145
9.91145
9.91145
9.91145
9.91145
9.91145
9.91145
9.91145
9.91145
9.91145
9.91145
9.91145
9.91145
9.91145
9.91145
9.91145
9.91145
9.91145
9.91145
9.91145
9.91145
9.91145
9.91145
9.91145
9.91145
9.91145
9.91145
9.91145
9.91145
9.91145
9.91145
9.91145
9.91145
9.91145
9.91145
9.91145
9.91145
9.91145
9.91145
9.91145
9.91145
9.91145
9.91145
9.91145
9.91145
9.91145
9.91145
9.91145
9.91145
9.91145
9.91145
9.91145
9.91145
9.91145
9.91145
9.91145
9.91145
9.91145
9.91145
9.91145
9.91145
9.91145
9.91145
9.91145
9.91145
9.91145
9.91145
9.91145
9.91145
9.91145
9.91145
9.91145
9.91145
9.91145
9.91145
9.91145
9.91145
9.91145
9.91145
9.91145
9.91145
9.91145
9.91145
9.91145
9.91145
9.91145
9.91145
9.91145
9.91145
9.91145
9.91145
9.91145
9.91145
9.91145
9.91145
9.91145
9.91145
9.91145
9.91145
9.91145
9.91145
9.91145
9.91145
9.91145
9.91145
9.91145
9.91145
9.91145
9.91145
9.91145
9.91145
