28.027
26.7716
26.2088
25.9196
25.4441
25.0166
24.8083
24.4419
24.0402
23.7602
23.5741
23.3639
23.0259
21.8071
20.9894
20.737
20.5399
20.0026
19.6986
19.4183
19.2399
18.8514
18.305
18.1779
18.158
17.9948
17.2214
17.1819
17.1819
17.1819
17.1819
17.1819
17.1799
17.1462
17.0429
16.8508
16.5632
16.4796
16.1817
15.8557
15.6326
15.4007
15.2412
15.1138
14.9633
14.8997
14.785
14.78
14.7792
14.7596
14.6716
14.5541
14.5237
14.5237
14.5237
14.5236
14.5222
14.5079
14.4739
14.3816
14.2533
14.2419
14.2133
14.139
14.1142
14.0222
13.9922
13.9922
13.9922
13.9911
13.98
13.9513
13.9369
13.9369
13.9369
13.9369
13.9369
13.9362
13.9252
13.9025
13.9003
13.8981
13.864
13.7203
13.6218
13.6075
13.5175
13.3193
13.2757
13.1996
13.0656
12.8873
12.7102
12.5631
12.5612
12.5311
12.471
12.4691
12.4691
12.4691
12.1544
11.5981
11.3644
11.3644
11.3644
11.3644
11.3644
11.3644
11.3644
11.3596
11.2629
11.0998
11.0625
11.0625
11.0625
11.0625
11.0625
11.0625
11.0625
11.0592
11
10.898
10.898
10.898
10.898
10.898
10.898
10.898
10.898
10.898
10.898
10.898
10.898
10.898
10.898
10.898
10.898
10.898
10.898
10.898
10.898
10.898
10.898
10.898
10.898
10.898
10.898
10.8948
10.8537
10.784
10.7397
10.7397
10.7397
10.7397
10.7397
10.7397
10.7397
10.7397
10.7397
10.7397
10.7397
10.7397
10.7397
10.7397
10.7397
10.7397
10.7397
10.7397
10.7397
10.7397
10.7397
10.7397
10.7397
10.7397
10.7397
10.7397
10.7397
10.7397
10.7397
10.7397
10.7397
10.7397
10.7397
10.7397
10.7397
10.7397
10.7397
10.7397
10.7378
10.6967
10.6462
10.6462
10.6462
10.6462
10.6462
10.6462
10.6462
10.6462
10.6462
10.6462
10.6462
10.6462
10.6462
10.6462
10.6462
10.6462
10.6462
10.6457
10.6374
10.6223
10.6218
10.6218
10.6218
10.6218
10.6218
10.6218
10.6218
10.6218
10.6218
10.6218
10.6218
10.6218
10.6218
10.6218
10.6218
10.6218
10.6218
10.6218
10.6218
10.6218
10.6218
10.6218
10.6218
10.6218
10.6218
10.6218
10.6218
10.6218
10.6218
10.6218
10.6218
10.6218
10.6218
10.6218
10.6218
10.6218
10.6218
10.6218
10.6218
10.6218
10.6218
10.6218
10.6218
10.6218
10.6218
10.6218
10.6181
10.5415
10.4539
10.4393
10.4393
10.4393
10.4393
10.4393
10.4393
10.4393
10.4393
10.4393
10.4393
10.4393
10.4393
10.4393
10.4393
10.4393
10.4393
10.4393
10.4393
10.4393
10.4393
10.4393
10.4393
10.4393
10.4393
10.4393
10.4393
10.4393
10.4393
10.4393
10.4393
10.4393
10.4393
10.4393
10.4393
10.4393
10.4393
10.4393
10.4393
10.4393
10.4393
10.4393
10.4051
10.3393
10.3173
10.3173
10.3173
10.3173
10.3173
10.3173
10.3173
10.3173
10.3173
10.3173
10.3173
10.3173
10.3173
10.3173
10.3173
10.3173
10.3173
10.3173
10.3173
10.3173
10.3173
10.3173
10.3173
10.3173
10.3173
10.3173
10.3173
10.3173
10.3173
10.3173
10.3173
10.3173
10.3173
10.3173
10.3173
10.3173
10.3173
10.3173
10.3173
10.3173
10.3173
10.3173
10.3173
10.3173
10.3173
10.3173
10.3173
10.3173
10.3173
10.3173
10.3173
10.3173
10.3173
10.3173
10.3173
10.3173
10.3173
10.3173
10.3173
10.3173
10.3173
10.3173
10.3173
10.3173
10.3173
10.3173
10.3173
10.3173
10.3173
10.3173
10.3173
10.3173
10.3173
10.3173
10.3173
10.3173
10.3173
10.3173
10.3173
10.3173
10.3173
10.3173
10.3173
10.3173
10.3173
10.3173
10.3173
10.3173
10.3173
10.3173
10.3173
10.3173
10.3173
10.3173
10.3173
10.3173
10.3173
10.3173
10.3173
10.3173
10.3173
10.3173
10.3173
10.3173
10.3173
10.3173
10.3173
10.3173
10.3173
10.3173
10.3173
10.3173
10.3173
10.3173
10.3173
10.3173
10.3173
10.3173
10.3173
10.3173
10.3173
10.3173
10.3173
10.3173
10.3173
10.3173
10.3173
10.3173
10.3173
10.3173
10.3173
10.3173
10.3173
10.3173
10.3173
10.3173
10.3173
10.3173
10.3173
10.3173
10.3173
10.3173
10.3173
10.3173
10.3173
10.3173
10.3173
10.3173
10.3173
10.3173
10.3173
10.3173
10.3173
10.3173
10.3173
10.3173
10.3173
10.3173
10.3173
10.3173
10.3173
10.3173
10.3173
10.3173
10.3173
10.3173
10.3173
10.3173
10.3173
10.3173
10.3173
10.3173
10.3173
10.3173
10.3173
10.3173
10.3173
10.3173
10.3173
10.3173
10.3173
10.3173
10.3173
10.3173
10.3173
10.3173
10.3173
10.3173
10.3173
10.3173
10.3173
10.3173
10.3173
10.3173
10.3173
10.3173
10.3173
10.3173
10.2687
10.1883
10.1672
10.1672
10.1672
10.1672
10.1672
10.1672
10.1672
10.1672
10.1658
10.148
10.1164
10.0986
10.0986
10.0986
10.0986
10.0986
10.0986
10.0986
10.0986
10.0986
10.0986
10.0986
10.0986
10.0986
10.0986
10.0967
10.0648
10.0047
10.0047
10.0047
10.0047
10.0047
10.0047
10.0047
10.0047
10.0047
10.0047
10.0047
10.0047
10.0047
10.0047
10.0047
10.0047
10.0047
10.0047
10.0047
10.0047
10.0047
10.0047
10.0047
10.0047
10.0047
10.0047
10.0047
10.0047
10.0047
10.0041
9.99657
9.97924
9.97577
9.97577
9.97577
9.97577
9.97577
9.97577
9.97577
9.97577
9.97577
9.97577
9.97577
9.97577
9.97577
9.97448
9.95261
9.91402
9.91145
9.91145
9.91145
9.91145
9.91145
9.91145
9.91145
9.91145
9.91145
9.91145
9.91145
9.91145
9.91145
9.91145
9.91145
9.91145
9.91145
9.91145
9.91145
9.91145
9.91145
9.91145
9.91145
9.91145
9.91145
9.91145
9.91145
9.91145
9.91145
9.91145
9.91145
9.91145
9.91145
9.91145
9.91145
9.91145
9.91145
9.91145
9.91145
9.91145
9.91145
9.91145
9.91145
9.91145
9.91145
9.91145
9.91145
9.91145
9.91145
9.91145
9.91145
9.91145
9.91145
9.91145
9.91145
9.91145
9.91145
9.91145
9.91145
9.91145
9.91145
9.91145
9.91145
9.91145
9.91145
9.91145
9.91145
9.91145
9.91145
9.91145
9.91145
9.91145
9.91145
9.91145
9.91145
9.91145
9.91145
9.91145
9.91145
9.91145
9.91145
9.91145
9.91145
9.91145
9.91145
9.91145
9.91145
9.91145
9.91145
9.91145
9.91145
9.91145
9.91145
9.91145
9.91145
9.91145
9.91145
9.91145
9.91145
9.91145
9.91145
9.91145
9.91145
9.91145
9.91145
9.91145
9.91145
9.91145
9.91145
9.91145
9.91145
9.91145
9.91145
9.91145
9.91145
9.91145
9.91145
9.91145
9.91145
9.91145
9.91145
9.91145
9.91145
9.91145
9.91145
9.91145
9.91145
9.91145
9.91145
9.91145
9.91145
9.91145
9.91145
9.91145
9.91145
9.91145
9.91145
9.91145
9.91145
9.91145
9.91145
9.91145
9.91145
9.91145
9.91145
9.91145
9.91145
9.91145
9.91145
9.91145
9.91145
9.91145
9.91145
9.91145
9.91145
9.91145
9.91145
9.91145
9.91145
9.91145
9.91145
9.91145
9.91145
9.91145
9.91145
9.91145
9.91145
9.91145
9.91145
9.91145
9.91145
9.91145
9.91145
9.91145
9.91145
9.91145
9.91145
9.91145
9.91145
9.91145
9.91145
9.91145
9.91145
9.91145
9.91145
9.91145
9.91145
9.91145
9.91145
9.91145
9.91145
9.91145
9.91145
9.91145
9.91145
9.91145
9.91145
9.91145
9.91145
9.91145
9.91145
9.91145
9.91145
9.91145
9.91145
9.91145
9.91145
9.91145
9.91145
9.91145
9.91145
9.91145
9.91145
9.91145
9.91145
9.91145
9.91145
9.91145
9.91145
9.91145
9.91145
9.91145
9.91145
9.91145
9.91145
9.91145
9.91145
9.91145
9.91145
9.91145
9.91145
9.91145
9.91145
9.91145
9.91145
9.91145
9.91145
9.91145
9.91145
9.91145
9.91145
9.91145
9.91145
9.91145
9.91145
9.91145
9.91145
9.91145
9.91145
9.91145
9.91145
9.91145
9.91145
9.91145
9.91145
9.91145
9.91145
9.91145
9.91145
9.91145
9.91145
9.91145
9.91145
9.91145
9.91145
9.91145
9.91145
9.91145
9.91145
9.91145
9.91145
9.91145
9.91145
9.91145
9.91145
9.91145
9.91145
9.91145
9.91145
9.91145
9.91145
9.91145
9.91145
9.91145
9.91145
9.91145
9.91145
9.91145
9.91145
9.91145
9.91145
9.91145
9.91145
9.91145
9.91145
9.91145
9.91145
9.91145
9.91145
9.91145
9.91145
9.91145
9.91145
9.91145
9.91145
9.91145
9.91145
9.91145
9.91145
9.91145
9.91145
9.91145
9.91145
9.91145
9.91145
9.91145
9.91145
9.91145
9.91145
9.91145
9.91145
9.91145
9.91145
9.91145
9.91145
9.91145
9.91145
9.91145
9.91145
9.91145
9.91145
9.91145
9.91145
9.91145
9.91145
9.91145
9.91145
9.91145
9.91145
9.91145
9.91145
9.91145
9.91145
9.91145
9.91145
9.91145
9.91145
9.91145
9.91145
9.91145
9.91145
9.91145
9.91145
9.91145
9.91145
9.91145
9.91145
9.91145
9.91145
9.91145
9.91145
9.91145
9.91145
9.91145
9.91145
9.91145
9.91145
9.91145
9.91145
9.91145
9.91145
9.91145
9.91145
9.91145
9.91145
9.91145
9.91145
9.91145
9.91145
9.91145
9.91145
9.91145
9.91145
9.91145
9.91145
9.91145
9.91145
9.91145
9.91145
9.91145
9.91145
9.91145
9.91145
9.91145
9.91145
9.91145
9.91145
9.91145
9.91145
9.91145
9.91145
9.91145
9.91145
9.91145
9.91145
9.91145
9.91145
9.91145
9.91145
9.91145
9.91145
9.91145
9.91145
9.91145
9.91145
9.91145
9.91145
9.91145
9.91145
9.91145
9.91145
9.91145
9.91145
