27.8435
26.4175
25.85
25.2318
24.3335
23.2801
22.3061
21.2172
20.4199
20.1887
19.7398
19.3892
19.3762
19.2376
19.0484
18.6102
17.9351
17.5733
17.2945
16.976
16.4923
15.7124
15.3392
15.3151
15.3126
15.2609
15.1969
15.1875
15.1387
14.996
14.9013
14.7142
14.6385
14.5759
14.3834
14.1555
14.0965
14.0965
14.0965
14.0965
14.0965
14.0803
13.908
13.55
13.4612
13.3121
13.0212
12.6566
12.4999
12.3956
12.0438
11.9276
11.8625
11.7496
11.7149
11.7149
11.7149
11.7149
11.7149
11.7111
11.6436
11.5272
11.5272
11.5272
11.5272
11.5272
11.5272
11.5272
11.5272
11.5272
11.5272
11.5272
11.5272
11.5272
11.5272
11.5272
11.5272
11.5272
11.5272
11.5272
11.5272
11.5272
11.5272
11.5272
11.5272
11.5272
11.5272
11.5272
11.5272
11.5272
11.5272
11.5272
11.5272
11.5248
11.4918
11.4258
11.4083
11.3904
11.3644
11.3644
11.3644
11.3644
11.3644
11.3618
11.3411
11.248
11.2351
11.2333
11.206
11.1496
11.1431
11.1418
11.1415
11.1415
11.1415
11.1372
11.0782
10.9993
10.9577
10.928
10.8622
10.7663
10.7663
10.7663
10.7663
10.7663
10.7663
10.7663
10.7663
10.7663
10.7663
10.7663
10.7663
10.7663
10.7663
10.7663
10.7663
10.7663
10.7663
10.7663
10.7663
10.7663
10.7663
10.7663
10.7663
10.7663
10.7663
10.7663
10.7663
10.7663
10.7663
10.7663
10.7663
10.7663
10.7663
10.7663
10.7663
10.7663
10.7663
10.7663
10.7663
10.7663
10.7663
10.7663
10.7663
10.7663
10.7632
10.7379
10.703
10.608
10.608
10.608
10.608
10.608
10.608
10.608
10.608
10.608
10.608
10.608
10.608
10.608
10.608
10.608
10.608
10.608
10.608
10.608
10.608
10.6066
10.5841
10.4712
10.3173
10.3173
10.3173
10.3173
10.3173
10.3173
10.3173
10.3173
10.3173
10.3173
10.3173
10.3173
10.3173
10.3173
10.3173
10.3173
10.3173
10.3173
10.3173
10.3173
10.3173
10.3173
10.3173
10.3173
10.3173
10.3173
10.3173
10.3173
10.3173
10.3173
10.3173
10.3173
10.3173
10.3173
10.3173
10.3173
10.3173
10.3173
10.3173
10.3173
10.3173
10.3173
10.3173
10.3173
10.3173
10.3173
10.3173
10.3173
10.3173
10.3173
10.3173
10.3173
10.3173
10.3173
10.3173
10.3173
10.3173
10.3173
10.3173
10.3173
10.3173
10.3173
10.3173
10.3173
10.3173
10.3173
10.3173
10.3173
10.3173
10.3173
10.3173
10.3173
10.3173
10.3173
10.3173
10.3173
10.3173
10.3173
10.3173
10.3173
10.3173
10.3173
10.3173
10.3173
10.3173
10.3173
10.3173
10.3173
10.3173
10.3173
10.3173
10.3173
10.3173
10.3173
10.3173
10.3173
10.3173
10.3173
10.3173
10.3173
10.3173
10.3173
10.3173
10.3173
10.3173
10.3173
10.3173
10.3173
10.3173
10.3173
10.3173
10.3173
10.3173
10.3173
10.3173
10.3173
10.3173
10.3173
10.3173
10.3173
10.3173
10.3173
10.3173
10.3173
10.3173
10.3173
10.3173
10.3173
10.3173
10.3173
10.3173
10.3173
10.3173
10.3173
10.3173
10.3173
10.3173
10.3173
10.3173
10.3173
10.3173
10.3173
10.3173
10.3173
10.3173
10.3173
10.3173
10.3173
10.3173
10.3173
10.3173
10.3173
10.3173
10.3173
10.3173
10.3173
10.3173
10.3173
10.3173
10.3173
10.3173
10.3173
10.3173
10.3173
10.3173
10.3173
10.3173
10.3173
10.3173
10.3173
10.3173
10.3173
10.3173
10.3173
10.3173
10.3173
10.3173
10.3173
10.3173
10.3173
10.3173
10.3173
10.3173
10.3173
10.3173
10.3173
10.3173
10.3173
10.3173
10.3173
10.3173
10.3173
10.3173
10.3173
10.3173
10.3173
10.3173
10.3173
10.3173
10.3173
10.3173
10.3173
10.3173
10.3173
10.3173
10.3173
10.3173
10.3173
10.3173
10.3173
10.3173
10.3173
10.3173
10.3173
10.3173
10.3173
10.3173
10.3173
10.3173
10.3173
10.3173
10.3173
10.3173
10.3173
10.3173
10.3173
10.3173
10.3173
10.3173
10.3173
10.3173
10.3173
10.3173
10.3173
10.3173
10.3173
10.3173
10.3173
10.3173
10.3173
10.3173
10.3173
10.3173
10.3173
10.3173
10.3173
10.3173
10.3173
10.3173
10.3173
10.3173
10.3173
10.3173
10.3173
10.3173
10.3173
10.3173
10.3173
10.3173
10.3173
10.3173
10.3173
10.3173
10.3143
10.2717
10.178
10.1672
10.1672
10.1672
10.1672
10.1672
10.1672
10.1672
10.1672
10.1672
10.1672
10.1672
10.1672
10.1672
10.1672
10.1672
10.1672
10.1672
10.1672
10.1672
10.1672
10.1672
10.1672
10.1672
10.1672
10.1672
10.1672
10.1672
10.1672
10.1672
10.1672
10.1672
10.1672
10.1672
10.1672
10.1672
10.1672
10.1672
10.1672
10.1672
10.1672
10.1672
10.1672
10.1672
10.1672
10.1672
10.1672
10.1672
10.1672
10.1672
10.1672
10.1672
10.1672
10.1672
10.1672
10.1672
10.1672
10.1672
10.1672
10.1672
10.1672
10.1672
10.1635
10.1041
9.98162
9.98162
9.98162
9.98162
9.98162
9.98162
9.98162
9.98162
9.98162
9.98162
9.98162
9.98162
9.98162
9.98162
9.98162
9.98162
9.98162
9.98162
9.98162
9.98162
9.98162
9.98162
9.98162
9.98162
9.98162
9.98162
9.98162
9.98162
9.98162
9.98162
9.98162
9.98162
9.98162
9.98162
9.98162
9.98162
9.98162
9.98162
9.98162
9.98162
9.98162
9.98162
9.98162
9.98162
9.98162
9.98162
9.98162
9.98162
9.98162
9.98162
9.98162
9.98162
9.98162
9.98162
9.98162
9.98162
9.98162
9.98162
9.98162
9.98162
9.98162
9.98162
9.98162
9.98079
9.9651
9.94389
9.92936
9.91202
9.91145
9.91145
9.91145
9.91145
9.91145
9.91145
9.91145
9.91145
9.91145
9.91145
9.91145
9.91145
9.91145
9.91145
9.91145
9.91145
9.91145
9.91145
9.91145
9.91145
9.91145
9.91145
9.91145
9.91145
9.91145
9.91145
9.91145
9.91145
9.91145
9.91145
9.91145
9.91145
9.91145
9.91145
9.91145
9.91145
9.91145
9.91145
9.91145
9.91145
9.91145
9.91145
9.91145
9.91145
9.91145
9.91145
9.91145
9.91145
9.91145
9.91145
9.91145
9.91145
9.91145
9.91145
9.91145
9.91145
9.91145
9.91145
9.91145
9.91145
9.91145
9.91145
9.91145
9.91145
9.91145
9.91145
9.91145
9.91145
9.91145
9.91145
9.91145
9.91145
9.91145
9.91145
9.91145
9.91145
9.91145
9.91145
9.91145
9.91145
9.91145
9.91145
9.91145
9.91145
9.91145
9.91145
9.91145
9.91145
9.91145
9.91145
9.91145
9.91145
9.91145
9.91145
9.91145
9.91145
9.91145
9.91145
9.91145
9.91145
9.91145
9.91145
9.91145
9.91145
9.91145
9.91145
9.91145
9.91145
9.91145
9.91145
9.91145
9.91145
9.91145
9.91145
9.91145
9.91145
9.91145
9.91145
9.91145
9.91145
9.91145
9.91145
9.91145
9.91145
9.91145
9.91145
9.91145
9.91145
9.91145
9.91145
9.91145
9.91145
9.91145
9.91145
9.91145
9.91145
9.91145
9.91145
9.91145
9.91145
9.91145
9.91145
9.91145
9.91145
9.91145
9.91145
9.91145
9.91145
9.91145
9.91145
9.91145
9.91145
9.91145
9.91145
9.91145
9.91145
9.91145
9.91145
9.91145
9.91145
9.91145
9.91145
9.91145
9.91145
9.91145
9.91145
9.91145
9.91145
9.91145
9.91145
9.91145
9.91145
9.91145
9.91145
9.91145
9.91145
9.91145
9.91145
9.91145
9.91145
9.91145
9.91145
9.91145
9.91145
9.91145
9.91145
9.91145
9.91145
9.91145
9.91145
9.91145
9.91145
9.91145
9.91145
9.91145
9.91145
9.91145
9.91145
9.91145
9.91145
9.91145
9.91145
9.91145
9.91145
9.91145
9.91145
9.91145
9.91145
9.91145
9.91145
9.91145
9.91145
9.91145
9.91145
9.91145
9.91145
9.91145
9.91145
9.91145
9.91145
9.91145
9.91145
9.91145
9.91145
9.91145
9.91145
9.91145
9.91145
9.91145
9.91145
9.91145
9.91145
9.91145
9.91145
9.91145
9.91145
9.91145
9.91145
9.91145
9.91145
9.91145
9.91145
9.91145
9.91145
9.91145
9.91145
9.91145
9.91145
9.91145
9.91145
9.91145
9.91145
9.91145
9.91145
9.91145
9.91145
9.91145
9.91145
9.91145
9.91145
9.91145
9.91145
9.91145
9.91145
9.91145
9.91145
9.91145
9.91145
9.91145
9.91145
9.91145
9.91145
9.91145
9.91145
9.91145
9.91145
9.91145
9.91145
9.91145
9.91145
9.91145
9.91145
9.91145
9.91145
9.91145
9.91145
9.91145
9.91145
9.91145
9.91145
9.91145
9.91145
9.91145
9.91145
9.91145
9.91145
9.91145
9.91145
9.91145
9.91145
9.91145
9.91145
9.91145
9.91145
9.91145
9.91145
9.91145
9.91145
9.91145
9.91145
9.91145
9.91145
9.91145
9.91145
9.91145
9.91145
9.91145
9.91145
9.91145
9.91145
9.91145
9.91145
9.91145
9.91145
9.91145
9.91145
9.91145
9.91145
9.91145
9.91145
9.91145
9.91145
9.91145
9.91145
9.91145
9.91145
9.91145
9.91145
9.91145
9.91145
9.91145
9.91145
9.91145
9.91145
9.91145
9.91145
9.91145
9.91145
9.91145
9.91145
9.91145
9.91145
9.91145
9.91145
9.91145
9.91145
9.91145
9.91145
9.91145
9.91145
9.91145
9.91145
9.91145
9.91145
9.91145
9.91145
9.91145
9.91145
9.91145
9.91145
9.91145
9.91145
9.91145
9.91145
9.91145
9.91145
9.91145
9.91145
9.91145
9.91145
9.91145
9.91145
9.91145
9.91145
9.91145
9.91145
9.91145
9.91145
9.91145
9.91145
9.91145
9.91145
9.91145
9.91145
9.91145
9.91145
9.91145
9.91145
9.91145
9.91145
9.91145
9.91145
9.91145
9.91145
9.91145
9.91145
9.91145
9.91145
9.91145
9.91145
9.91145
