28.3966
26.5348
25.7438
25.2819
24.9142
24.4907
23.8793
23.1273
21.9256
21.7022
21.2544
20.7248
20.713
20.6833
20.5874
20.3763
19.9195
19.0655
18.7744
18.7739
18.7615
18.6592
18.3679
17.9096
17.5491
17.2917
17.2474
17.2217
17.1543
17.0335
17.0154
17.0154
17.0154
17.0154
17.0154
17.0046
16.8415
16.4765
16.4758
16.4637
16.4336
16.3806
16.2435
16.0588
15.8675
15.7102
15.7102
15.7102
15.7102
15.7066
15.6573
15.5338
15.5338
15.5338
15.5338
15.5338
15.5338
15.5255
15.3418
15.1163
15.1163
15.1062
14.9276
14.4312
14.1608
14.1107
14.1107
14.1107
14.1107
14.1107
14.1107
14.1059
14.0481
13.8684
13.7707
13.6344
13.609
13.5622
13.4622
13.4019
13.4019
13.4019
13.4019
13.4019
13.4019
13.4019
13.4019
13.4019
13.4019
13.4012
13.3878
13.2927
13.0845
12.9813
12.9742
12.9742
12.9742
12.9742
12.9742
12.9742
12.7563
12.3455
12.0605
12.0605
12.0605
12.0605
12.0605
12.0605
12.0605
12.0605
12.0605
12.0605
12.0605
12.0605
12.0605
12.0605
12.056
11.971
11.8426
11.8352
11.8304
11.7826
11.6581
11.5959
11.5959
11.5959
11.5959
11.5959
11.5959
11.5959
11.5959
11.5959
11.5959
11.5959
11.5959
11.5959
11.5959
11.5959
11.5959
11.5956
11.59
11.5813
11.5763
11.5155
11.4107
11.3039
11.059
10.9577
10.9577
10.9577
10.9575
10.9542
10.9458
10.9453
10.9453
10.9453
10.9453
10.9453
10.9399
10.8441
10.6778
10.6542
10.6199
10.6199
10.6199
10.6199
10.6199
10.6199
10.6199
10.6199
10.6199
10.6199
10.6199
10.6199
10.6199
10.6199
10.6199
10.6199
10.6199
10.6199
10.6199
10.6199
10.6199
10.6199
10.6199
10.6199
10.6199
10.6199
10.6199
10.6199
10.6199
10.6199
10.6199
10.6199
10.6199
10.6199
10.6199
10.6199
10.6199
10.6199
10.5473
10.3984
10.3173
10.3173
10.3173
10.3173
10.3173
10.3173
10.3173
10.3173
10.3173
10.3173
10.3173
10.3173
10.3173
10.3173
10.3173
10.3173
10.3173
10.3173
10.3173
10.3173
10.3173
10.3173
10.3173
10.3173
10.3173
10.3173
10.3173
10.3173
10.3173
10.3173
10.3173
10.3173
10.3173
10.3173
10.3173
10.3173
10.3173
10.3173
10.3173
10.3173
10.3173
10.3173
10.3173
10.3173
10.3173
10.3173
10.3173
10.3173
10.3173
10.3173
10.3173
10.3173
10.3173
10.3173
10.3173
10.3173
10.3173
10.3173
10.3173
10.3173
10.3173
10.3173
10.3173
10.3173
10.3173
10.3173
10.3173
10.3173
10.3173
10.3173
10.3173
10.3173
10.3173
10.3173
10.3173
10.3173
10.3173
10.3173
10.3173
10.3173
10.3173
10.3173
10.3173
10.3173
10.3173
10.3173
10.3173
10.3173
10.3173
10.3173
10.3173
10.3173
10.3173
10.3173
10.3173
10.3173
10.3173
10.3173
10.3173
10.3173
10.3173
10.3173
10.3173
10.3173
10.3173
10.3173
10.3173
10.3173
10.3173
10.3173
10.3173
10.3173
10.3173
10.3173
10.3173
10.3173
10.3173
10.3173
10.3173
10.3173
10.3173
10.3173
10.3173
10.3173
10.3173
10.3173
10.3173
10.3173
10.3173
10.3173
10.3173
10.3173
10.3173
10.3173
10.3173
10.3173
10.3173
10.3173
10.3173
10.3173
10.3173
10.3173
10.3173
10.3173
10.3173
10.3173
10.3173
10.3173
10.3173
10.3173
10.3173
10.3173
10.3173
10.3173
10.3173
10.3173
10.3173
10.3173
10.3173
10.3173
10.3173
10.3173
10.3173
10.3173
10.3173
10.3173
10.3173
10.3173
10.3173
10.3173
10.3173
10.3173
10.3173
10.3173
10.3173
10.3173
10.3173
10.3173
10.3173
10.3173
10.3173
10.3173
10.3173
10.3173
10.3173
10.3173
10.3173
10.3173
10.3173
10.3173
10.3173
10.3173
10.3173
10.3173
10.3173
10.3173
10.3173
10.3173
10.3173
10.3173
10.3173
10.3173
10.3173
10.3173
10.3173
10.3173
10.3173
10.3173
10.3173
10.3173
10.3173
10.3173
10.3173
10.3173
10.3173
10.3173
10.3173
10.3173
10.3173
10.3173
10.3173
10.3173
10.3173
10.3173
10.3173
10.3173
10.3173
10.3173
10.3173
10.3173
10.3173
10.3173
10.3173
10.3173
10.3173
10.3173
10.3173
10.3173
10.3173
10.3173
10.3173
10.3173
10.3173
10.3173
10.3173
10.3173
10.3173
10.3173
10.3173
10.3173
10.3173
10.3173
10.3173
10.3173
10.3173
10.3173
10.3173
10.3173
10.3173
10.3173
10.3173
10.3173
10.3173
10.3173
10.3173
10.3173
10.3173
10.3173
10.3173
10.3173
10.3173
10.3173
10.3173
10.3173
10.3173
10.3173
10.3173
10.3173
10.3173
10.3173
10.3173
10.3173
10.3173
10.3173
10.3173
10.3173
10.3173
10.3173
10.3173
10.3173
10.3173
10.3173
10.3173
10.3173
10.3173
10.3173
10.3173
10.3173
10.3173
10.3173
10.3173
10.3173
10.3173
10.3173
10.3173
10.3173
10.3173
10.3173
10.3173
10.3173
10.3173
10.3173
10.3173
10.3173
10.3173
10.3173
10.3173
10.3173
10.3173
10.3173
10.3173
10.3173
10.3173
10.3173
10.3173
10.3173
10.3173
10.3173
10.3173
10.3173
10.3173
10.3173
10.3173
10.3173
10.3173
10.3173
10.3173
10.3173
10.3173
10.3173
10.3173
10.3173
10.3173
10.3173
10.3173
10.3173
10.3173
10.3173
10.3173
10.3173
10.3173
10.3173
10.3173
10.3173
10.3173
10.3173
10.3173
10.3173
10.3173
10.3173
10.3173
10.3173
10.3173
10.3173
10.3173
10.3173
10.3173
10.3173
10.3173
10.3173
10.3173
10.3173
10.3173
10.3173
10.3173
10.3173
10.3173
10.3173
10.3173
10.3173
10.3173
10.3173
10.3173
10.3173
10.3173
10.3173
10.3173
10.3173
10.3173
10.3173
10.3173
10.3173
10.3173
10.3173
10.3173
10.3173
10.3173
10.3173
10.1468
9.91145
9.91145
9.91145
9.91145
9.91145
9.91145
9.91145
9.91145
9.91145
9.91145
9.91145
9.91145
9.91145
9.91145
9.91145
9.91145
9.91145
9.91145
9.91145
9.91145
9.91145
9.91145
9.91145
9.91145
9.91145
9.91145
9.91145
9.91145
9.91145
9.91145
9.91145
9.91145
9.91145
9.91145
9.91145
9.91145
9.91145
9.91145
9.91145
9.91145
9.91145
9.91145
9.91145
9.91145
9.91145
9.91145
9.91145
9.91145
9.91145
9.91145
9.91145
9.91145
9.91145
9.91145
9.91145
9.91145
9.91145
9.91145
9.91145
9.91145
9.91145
9.91145
9.91145
9.91145
9.91145
9.91145
9.91145
9.91145
9.91145
9.91145
9.91145
9.91145
9.91145
9.91145
9.91145
9.91145
9.91145
9.91145
9.91145
9.91145
9.91145
9.91145
9.91145
9.91145
9.91145
9.91145
9.91145
9.91145
9.91145
9.91145
9.91145
9.91145
9.91145
9.91145
9.91145
9.91145
9.91145
9.91145
9.91145
9.91145
9.91145
9.91145
9.91145
9.91145
9.91145
9.91145
9.91145
9.91145
9.91145
9.91145
9.91145
9.91145
9.91145
9.91145
9.91145
9.91145
9.91145
9.91145
9.91145
9.91145
9.91145
9.91145
9.91145
9.91145
9.91145
9.91145
9.91145
9.91145
9.91145
9.91145
9.91145
9.91145
9.91145
9.91145
9.91145
9.91145
9.91145
9.91145
9.91145
9.91145
9.91145
9.91145
9.91145
9.91145
9.91145
9.91145
9.91145
9.91145
9.91145
9.91145
9.91145
9.91145
9.91145
9.91145
9.91145
9.91145
9.91145
9.91145
9.91145
9.91145
9.91145
9.91145
9.91145
9.91145
9.91145
9.91145
9.91145
9.91145
9.91145
9.91145
9.91145
9.91145
9.91145
9.91145
9.91145
9.91145
9.91145
9.91145
9.91145
9.91145
9.91145
9.91145
9.91145
9.91145
9.91145
9.91145
9.91145
9.91145
9.91145
9.91145
9.91145
9.91145
9.91145
9.91145
9.91145
9.91145
9.91145
9.91145
9.91145
9.91145
9.91145
9.91145
9.91145
9.91145
9.91145
9.91145
9.91145
9.91145
9.91145
9.91145
9.91145
9.91145
9.91145
9.91145
9.91145
9.91145
9.91145
9.91145
9.91145
9.91145
9.91145
9.91145
9.91145
9.91145
9.91145
9.91145
9.91145
9.91145
9.91145
9.91145
9.91145
9.91145
9.91145
9.91145
9.91145
9.91145
9.91145
9.91145
9.91145
9.91145
9.91145
9.91145
9.91145
9.91145
9.91145
9.91145
9.91145
9.91145
9.91145
9.91145
9.91145
9.91145
9.91145
9.91145
9.91145
9.91145
9.91145
9.91145
9.91145
9.91145
9.91145
9.91145
9.91145
9.91145
9.91145
9.91145
9.91145
9.91145
9.91145
9.91145
9.91145
9.91145
9.91145
9.91145
9.91145
9.91145
9.91145
9.91145
9.91145
9.91145
9.91145
9.91145
9.91145
9.91145
9.91145
9.91145
9.91145
9.91145
9.91145
9.91145
9.91145
9.91145
9.91145
9.91145
9.91145
9.91145
9.91145
9.91145
9.91145
9.91145
9.91145
9.91145
9.91145
9.91145
9.91145
9.91145
9.91145
9.91145
9.91145
9.91145
9.91145
9.91145
9.91145
9.91145
9.91145
9.91145
9.91145
9.91145
9.91145
9.91145
9.91145
9.91145
9.91145
9.91145
9.91145
9.91145
9.91145
9.91145
9.91145
9.91145
9.91145
9.91145
9.91145
9.91145
9.91145
9.91145
9.91145
9.91145
9.91145
9.91145
9.91145
9.91145
9.91145
9.91145
9.91145
9.91145
9.91145
9.91145
9.91145
9.91145
9.91145
9.91145
9.91145
9.91145
9.91145
9.91145
9.91145
9.91145
9.91145
9.91145
9.91145
9.91145
9.91145
9.91145
9.91145
9.91145
9.91145
9.91145
9.91145
9.91145
9.91145
9.91145
9.91145
9.91145
9.91145
9.91145
9.91145
9.91145
9.91145
9.91145
9.91145
9.91145
9.91145
9.91145
9.91145
9.91145
9.91145
9.91145
9.91145
9.91145
9.91145
9.91145
9.91145
9.91145
9.91145
9.91145
9.91145
9.91145
9.91145
