30.3825
34.8046
29.4234
30.0883
30.7544
32.7583
36.263
30.9781
33.3393
30.9451
28.4755
31.5671
28.0783
31.6846
26.557
28.7367
29.4723
33.4601
34.2171
29.2826
33.993
31.1297
29.276
30.8967
29.2599
31.21
31.1883
28.5047
29.0076
30.753
32.3193
28.9229
27.865
28.9368
31.639
32.9698
27.463
27.6868
32.8449
31.3446
30.2945
31.964
29.1517
30.5659
31.1072
30.4705
28.3767
29.0472
25.7167
31.1886
25.8125
28.6773
27.9765
26.558
22.9989
23.3078
23.6461
22.3607
26.7663
24.9896
25.0015
22.2148
22.5332
23.2493
20.7068
14.5819
16.3226
16.0231
14.6296
13.7292
14.9955
13.1809
12.9631
10.9933
12.9877
13.0981
11.3847
11.352
10.7681
10.5081
10.4016
10.132
10.0855
9.97369
9.9379
9.86957
9.87661
9.70896
9.66768
9.82658
9.66768
9.68774
9.65196
9.66555
9.65196
9.68774
9.66555
9.66555
9.65196
9.66768
9.65196
9.65196
9.65196
9.68774
9.65196
9.65196
9.65196
9.65196
9.65196
9.65196
9.65196
9.65196
9.65196
9.65196
9.65196
9.65196
9.65196
9.65196
9.65196
9.65196
9.65196
9.65196
9.65196
9.65196
9.65196
9.65196
9.65196
9.65196
9.65196
9.65196
9.65196
9.65196
9.65196
9.65196
9.65196
9.65196
9.65196
9.65196
9.65196
9.65196
9.65196
9.65196
9.65196
9.65196
9.65196
9.65196
9.65196
9.65196
9.65196
9.65196
