41.7799
42.3954
34.6636
41.3988
42.908
38.8535
39.1374
46.965
42.6101
39.482
39.8516
44.0973
38.1276
41.5139
39.8836
40.3435
42.1949
45.7073
45.2738
43.0618
43.5166
34.1914
40.252
42.9482
42.3652
37.4092
41.8372
40.4783
44.3905
42.2399
47.1849
46.0322
38.2856
39.275
37.7767
35.5809
37.089
38.0358
37.4045
32.9791
38.782
38.4087
33.3667
36.3172
37.5593
32.8108
29.9076
41.992
25.7555
24.5868
31.8239
27.2675
31.5768
25.9542
30.5422
32.3063
26.1515
25.8272
20.1215
19.3575
24.4508
16.7387
14.288
14.8004
12.1085
13.562
11.4617
8.1634
9.09117
10.0338
8.64998
8.45455
8.16357
8.62391
7.21976
8.29989
7.28069
6.8102
6.97405
6.79936
6.76482
6.4511
6.37718
6.5793
6.32779
6.39757
6.50859
6.34702
6.30604
6.24839
6.29647
6.22839
6.30827
6.26136
6.33616
6.23931
6.24761
6.27482
6.28272
6.29414
6.26136
6.23619
6.21697
6.23619
6.21697
6.21697
6.24107
6.21697
6.21697
6.21697
6.21697
6.21697
6.21697
6.21697
6.21697
6.21697
6.21697
6.21697
6.21697
6.21697
6.21697
6.21697
6.21697
6.21697
6.21697
6.21697
6.21697
6.21697
6.21697
6.21697
6.21697
6.21697
6.21697
6.21697
6.21697
6.21697
6.21697
6.21697
6.21697
6.21697
6.21697
6.21697
6.21697
6.21697
6.21697
6.21697
6.21697
6.21697
6.21697
6.21697
