-0.306611	-0.484522	-0.47009
-0.103271	-0.0815653	0.298173
0.357434	-0.12941	0.433553
-0.430268	0.399722	-0.234411
-0.205914	-0.495715	-0.226935
0.27263	-0.238831	-0.325867
-0.416697	-0.260303	0.293289
-0.155457	0.420065	-0.0164024
-0.0865192	0.377228	0.292654
0.0325664	0.0039661	0.292055
0.151412	-0.140045	-0.279421
0.159401	-0.479922	-0.339317
-0.343805	-0.0866319	0.353503
-0.155487	0.0273904	-0.29095
0.398136	0.264535	-0.492197
-0.467475	-0.0613758	-0.00576152
-0.483341	0.112339	0.464352
-0.232807	-0.391124	0.271292
-0.0348228	0.0107412	-0.31456
-0.400323	-0.193252	0.333134
-0.0131497	0.196992	-0.231195
0.186014	-0.0371593	-0.387133
0.0954372	0.059371	-0.282013
0.437146	-0.186689	0.378069
-0.492028	0.321483	-0.116957
-0.239947	0.158773	-0.411979
-0.485558	0.283355	-0.353669
0.328346	0.316277	-0.206712
-0.0497377	-0.0267243	0.296447
0.0624669	0.444292	-0.375269
-0.0224599	0.21096	-0.359446
0.265257	0.0883069	-0.125928
0.303154	0.149344	-0.40954
0.427334	0.422689	0.417956
0.455329	-0.373586	-0.480126
-0.367805	0.27376	-0.38982
-0.339007	-0.477924	-0.186367
-0.462744	-0.373097	-0.317676
0.268249	0.282926	0.0604777
-0.485327	0.281785	0.23057
-0.49137	0.22617	-0.191944
-0.00541888	0.163877	0.0474487
0.0234753	0.492228	0.175026
-0.0429008	0.294394	-0.213042
0.210528	0.356853	-0.35345
0.3543	0.37272	0.00442944
0.153105	-0.308876	-0.254319
0.342623	0.00300893	0.0327991
0.244343	-0.375262	0.056283
-0.124509	0.0399398	0.0166361
-0.434218	0.0639089	-0.142313
0.401298	-0.156517	-0.316886
0.473903	-0.424468	-0.253913
0.233584	-0.140207	-0.191112
-0.450904	-0.207224	0.426459
-0.231613	0.0965528	-0.245439
0.462497	-0.406505	0.0326936
0.147376	-0.283207	-0.149163
-0.0419735	-0.0438675	-0.136003
0.243891	0.0329002	0.259534
0.421124	0.155288	-0.129338
-0.362486	0.32186	-0.233764
0.458266	0.335031	-0.0575819
-0.0254307	0.190093	0.26625
0.0413318	0.247854	-0.478241
0.0441099	-0.422927	0.15025
0.10475	-0.402408	0.226606
0.0754841	0.301318	0.207977
0.139623	0.084083	-0.358014
-0.457136	-0.418164	-0.478238
0.301518	0.20552	0.0948116
0.103523	0.335434	-0.0903759
-0.390319	-0.496448	0.0521242
-0.188946	-0.300241	0.120402
0.476029	-0.149986	0.0677953
-0.377734	0.344654	0.261645
-0.174563	0.231181	0.175106
-0.19495	-0.233772	0.270959
-0.295907	-0.40664	-0.463231
0.106385	0.446174	0.267032
0.249208	0.447537	0.197868
0.423475	0.493711	0.0288203
0.251107	-0.483979	0.361736
0.465215	-0.410399	0.364959
0.394303	-0.368537	0.305793
-0.314951	0.165966	0.1728
-0.327415	-0.140049	-0.443377
-0.289881	-0.043146	0.141433
-0.198078	-0.419167	-0.0509874
0.056155	0.122285	-0.00558866
-0.359216	-0.158634	0.232737
0.0448993	-0.0723601	0.185915
0.24107	-0.182758	0.132404
0.0145168	0.0962315	-0.202436
0.375933	-0.0710244	0.0590746
0.320405	0.0161375	-0.285669
-0.343182	0.291442	-0.113507
-0.310966	0.296733	0.339087
-0.204656	-0.375908	-0.429479
-0.387219	0.23288	0.21759
-0.175306	0.354566	-0.451861
0.319255	0.262472	0.201921
-0.409205	0.179445	-0.347712
0.0463171	0.192004	-0.398311
0.34745	0.15754	-0.00914006
0.493	0.40405	-0.129741
0.190463	0.255079	-0.490488
0.40609	-0.00693002	0.149859
