-0.306637	-0.484532	-0.470058
-0.103314	-0.0815984	0.298214
0.357448	-0.129452	0.433639
-0.430211	0.39976	-0.234424
-0.205926	-0.495719	-0.226975
0.27258	-0.238857	-0.325911
-0.416666	-0.260311	0.293371
-0.155435	0.420067	-0.0164711
-0.0864724	0.37727	0.292658
0.0326442	0.00390366	0.292104
0.151408	-0.140074	-0.279431
0.159438	-0.479916	-0.339312
-0.34386	-0.0865924	0.353547
-0.155485	0.0273792	-0.290974
0.398153	0.264484	-0.492168
-0.467448	-0.0613579	-0.00583818
-0.483291	0.112279	0.464354
-0.232752	-0.39105	0.271357
-0.0348971	0.0107358	-0.314574
-0.400211	-0.193263	0.333194
-0.0131472	0.196907	-0.231225
0.186069	-0.0371925	-0.387163
0.0954269	0.059437	-0.282054
0.437132	-0.186685	0.378086
-0.49209	0.321509	-0.116974
-0.239947	0.158808	-0.41198
-0.48556	0.283332	-0.353594
0.328421	0.31621	-0.206727
-0.0497754	-0.0266883	0.296487
0.0624647	0.44425	-0.375295
-0.0224037	0.210944	-0.359424
0.265233	0.0883344	-0.125904
0.303095	0.149355	-0.409537
0.42736	0.422639	0.417942
0.455265	-0.373633	-0.480159
-0.367854	0.273768	-0.389825
-0.339045	-0.47795	-0.186351
-0.462721	-0.373089	-0.31767
0.268268	0.283056	0.0604542
-0.485285	0.28181	0.23054
-0.491323	0.22621	-0.191969
-0.00544672	0.163768	0.0474353
0.0233965	0.492258	0.174996
-0.0428989	0.294439	-0.213
0.210518	0.356834	-0.353491
0.354348	0.372776	0.00442569
0.153086	-0.308883	-0.254287
0.34266	0.00311679	0.0327907
0.244392	-0.375205	0.0562299
-0.124569	0.0399421	0.0166363
-0.434223	0.0638931	-0.142311
0.401348	-0.156523	-0.316823
0.473974	-0.424412	-0.253869
0.233544	-0.140143	-0.191055
-0.450878	-0.207213	0.426374
-0.231557	0.09649	-0.245426
0.462476	-0.406465	0.0326695
0.147416	-0.283189	-0.149099
-0.0419214	-0.0438866	-0.135993
0.243898	0.0328843	0.259473
0.421133	0.155286	-0.12934
-0.362484	0.321901	-0.233812
0.458336	0.33503	-0.0576046
-0.0254878	0.190086	0.266199
0.0412623	0.247873	-0.478209
0.0441278	-0.422963	0.150155
0.104689	-0.402468	0.226624
0.0754786	0.301307	0.207951
0.139653	0.0841125	-0.357999
-0.457164	-0.418222	-0.478172
0.301487	0.205522	0.0948013
0.103567	0.335397	-0.0903627
-0.390379	-0.496472	0.0521139
-0.188973	-0.300269	0.120406
0.476019	-0.149949	0.0678773
-0.377721	0.34474	0.261637
-0.174564	0.231259	0.175124
-0.194899	-0.233811	0.270954
-0.295894	-0.406667	-0.463329
0.106398	0.446197	0.267051
0.2492	0.447555	0.197846
0.423387	0.493773	0.0288238
0.251066	-0.484017	0.361694
0.465142	-0.410385	0.364954
0.394355	-0.36854	0.305808
-0.314937	0.16592	0.172759
-0.327426	-0.140028	-0.443422
-0.289874	-0.0431698	0.141478
-0.198077	-0.419128	-0.0509293
0.0562035	0.122246	-0.00559391
-0.359195	-0.158597	0.232759
0.0448893	-0.072383	0.185933
0.241064	-0.182775	0.132402
0.0145846	0.0962516	-0.202349
0.37588	-0.071048	0.0591294
0.320413	0.0161362	-0.285753
-0.343207	0.291415	-0.113447
-0.310982	0.296721	0.339046
-0.2047	-0.375974	-0.42949
-0.387243	0.232896	0.217651
-0.175321	0.354539	-0.451947
0.319186	0.262534	0.201952
-0.409164	0.179432	-0.347795
0.0462991	0.191964	-0.398363
0.347361	0.157502	-0.00918044
0.492938	0.404055	-0.129724
0.19047	0.255139	-0.490448
0.406122	-0.00695467	0.14989
