-0.0318398
-0.0318487
-0.031864
-0.0318856
-0.0319135
-0.0319477
-0.0319882
-0.032035
-0.0320881
-0.0321476
-0.0322134
-0.0322857
-0.0323643
-0.0324567
-0.0325581
-0.0326616
-0.0327885
-0.0329154
-0.0330543
-0.0332052
-0.0333611
-0.0335267
-0.0336905
-0.033869
-0.0340744
-0.0342737
-0.0344811
-0.0346992
-0.0349233
-0.0351465
-0.0353902
-0.0356358
-0.035881
-0.0361497
-0.0364232
-0.0367065
-0.036988
-0.0372846
-0.0375894
-0.0379075
-0.0382224
-0.0385536
-0.0389015
-0.0392782
-0.0396439
-0.0400251
-0.0404245
-0.0408331
-0.0412634
-0.0416969
-0.0421437
-0.0426161
-0.043103
-0.0436123
-0.0441444
-0.0446909
-0.0452619
-0.0458418
-0.0464527
-0.0470837
-0.0477407
-0.0484103
-0.0491129
-0.0498423
-0.0506048
-0.0513875
-0.0522038
-0.0530504
-0.0539387
-0.054849
-0.0558094
-0.0568078
-0.0578391
-0.0589342
-0.0600744
-0.0612597
-0.0624956
-0.0637824
-0.0651235
-0.0665294
-0.0680059
-0.0695546
-0.0711818
-0.0728773
-0.0746645
-0.0765239
-0.0784815
-0.0805347
-0.082695
-0.0849502
-0.0873183
-0.0897955
-0.0923844
-0.0950859
-0.0979088
-0.10084
-0.103876
-0.107
-0.110208
-0.113464
-0.116985
-0.120128
-0.123172
-0.126031
-0.128574
-0.13069
-0.13221
-0.132953
-0.132743
-0.131459
-0.128993
-0.125443
-0.121083
-0.116462
-0.112314
-0.109485
-0.108703
-0.110338
-0.114343
-0.120287
-0.127436
-0.134935
-0.141961
-0.147852
-0.152207
-0.155013
-0.156654
-0.157895
-0.159682
-0.162923
-0.168122
-0.175178
-0.183477
-0.19206
-0.199985
-0.206496
-0.21118
-0.213881
-0.214714
-0.213986
-0.212115
-0.20958
-0.20681
-0.204137
-0.201747
-0.199706
-0.197925
-0.196321
-0.194765
-0.19311
-0.19123
-0.18903
-0.18665
-0.184503
-0.183226
-0.183516
-0.185905
-0.190536
-0.197183
-0.205307
-0.214225
-0.223224
-0.231692
-0.239107
-0.245135
-0.24957
-0.252376
-0.25365
-0.253633
-0.252629
-0.251022
-0.249227
-0.247655
-0.246662
-0.246499
-0.247284
-0.249013
-0.251539
-0.25462
-0.258012
-0.261409
-0.264589
-0.267368
-0.269652
-0.271411
-0.272711
-0.273655
-0.274376
-0.275006
-0.275596
-0.276187
-0.276758
-0.277274
-0.277701
-0.278061
-0.278393
-0.278748
-0.27919
-0.279752
-0.280449
-0.28131
-0.282195
-0.283175
-0.284227
-0.285355
-0.286578
-0.287954
-0.289496
-0.291245
-0.293195
-0.295329
-0.297597
-0.299946
-0.302291
-0.304565
-0.306701
-0.308622
-0.310261
-0.31155
-0.312442
-0.312873
-0.312808
-0.312235
-0.311184
-0.309733
-0.307997
-0.306137
-0.304358
-0.302865
-0.301799
-0.301192
-0.300979
-0.300944
-0.300836
-0.300352
-0.299238
-0.297325
-0.294579
-0.291163
-0.28745
-0.284015
-0.281577
-0.280855
-0.282344
-0.286168
-0.291995
-0.299161
-0.306795
-0.314046
-0.320163
-0.324521
-0.326645
-0.32621
-0.323085
-0.317535
-0.310405
-0.303176
-0.297747
-0.295771
-0.29796
-0.303778
-0.311805
-0.320407
-0.328185
-0.334153
-0.337698
-0.338458
-0.336269
-0.331128
-0.32321
-0.31294
-0.301067
-0.288717
-0.277316
-0.268378
-0.26318
-0.262413
-0.265991
-0.273097
-0.282433
-0.292612
-0.302473
-0.311235
-0.318527
-0.3243
-0.328721
-0.332005
-0.334394
-0.336104
-0.337269
-0.338
-0.338391
-0.338529
-0.338464
-0.338269
-0.338041
-0.337827
-0.337679
-0.337673
-0.337831
-0.33824
-0.338809
-0.339563
-0.340439
-0.34138
-0.342312
-0.343136
-0.343719
-0.343915
-0.343557
-0.342458
-0.340384
-0.337133
-0.332549
-0.326616
-0.319521
-0.311755
-0.304157
-0.297696
-0.293296
-0.291414
-0.291902
-0.294162
-0.297343
-0.300721
-0.303808
-0.306361
-0.308318
-0.309728
-0.31067
-0.311236
-0.311512
-0.311578
-0.31151
-0.311347
-0.311111
-0.310821
-0.310448
-0.309984
-0.309472
-0.309008
-0.308715
-0.308758
-0.309281
-0.310372
-0.311977
-0.313976
-0.316113
-0.31814
-0.319826
-0.321002
-0.321538
-0.3214
-0.320605
-0.319205
-0.317287
-0.31497
-0.312387
-0.309686
-0.307027
-0.304525
-0.302281
-0.300385
-0.298867
-0.297736
-0.297
-0.296634
-0.296642
-0.297032
-0.297806
-0.298974
-0.300509
-0.302399
-0.304565
-0.306931
-0.309375
-0.311736
-0.31383
-0.315452
-0.31638
-0.316384
-0.315255
-0.312822
-0.309046
-0.303982
-0.29795
-0.291526
-0.285449
-0.280471
-0.277163
-0.275672
-0.275742
-0.27691
-0.278724
-0.280881
-0.283342
-0.286155
-0.289354
-0.2929
-0.296613
-0.300706
-0.304154
-0.307206
-0.309814
-0.311965
-0.313587
-0.314604
-0.31488
-0.314287
-0.312784
-0.310425
-0.307429
-0.304179
-0.301139
-0.298699
-0.297095
-0.296286
-0.296058
-0.29619
-0.296477
-0.296865
-0.297347
-0.29792
-0.298531
-0.299064
-0.299386
-0.299378
-0.298983
-0.298207
-0.2971
-0.295757
-0.294282
-0.292803
-0.291463
-0.290363
-0.289602
-0.289278
-0.289442
-0.290067
-0.291121
-0.292495
-0.294096
-0.295818
-0.297584
-0.299278
-0.300876
-0.302345
-0.303678
-0.304862
-0.305903
-0.306805
-0.307572
-0.308222
-0.308755
-0.309172
-0.309454
-0.309587
-0.309583
-0.309413
-0.309076
-0.308537
-0.307798
-0.306846
-0.305673
-0.304309
-0.302832
-0.301319
-0.299906
-0.298733
-0.297981
-0.297772
-0.298191
-0.299216
-0.300789
-0.302775
-0.304994
-0.30725
-0.309386
-0.311264
-0.312769
-0.313807
-0.31434
-0.314318
-0.313704
-0.312476
-0.310635
-0.308189
-0.305246
-0.301944
-0.298491
-0.295154
-0.292191
-0.289846
-0.288256
-0.287442
-0.287294
-0.287639
-0.288283
-0.28907
-0.289905
-0.290893
-0.291863
-0.292948
-0.294188
-0.295538
-0.296887
-0.298081
-0.298936
-0.299307
-0.299073
-0.298173
-0.296656
-0.294651
-0.29235
-0.290051
-0.288007
-0.286446
-0.285517
-0.285158
-0.285244
-0.285593
-0.28607
-0.286705
-0.287656
-0.289156
-0.291394
-0.294375
-0.297922
-0.301694
-0.305354
-0.308628
-0.311383
-0.313631
-0.315458
-0.316996
-0.318358
-0.31961
-0.320763
-0.321775
-0.322587
-0.323151
-0.323436
-0.323503
-0.323467
-0.323516
-0.323816
-0.324574
-0.325884
-0.327749
-0.330047
-0.332561
-0.335043
-0.337234
-0.338887
-0.33984
-0.339956
-0.339169
-0.337463
-0.334838
-0.331356
-0.327132
-0.322275
-0.316979
-0.311397
-0.305754
-0.300279
-0.295259
-0.291021
-0.287898
-0.28623
-0.286263
-0.288059
-0.291496
-0.296209
-0.301771
-0.307697
-0.313667
-0.319458
-0.325002
-0.330253
-0.335174
-0.339661
-0.34356
-0.34671
-0.348951
-0.350191
-0.350352
-0.349443
-0.347485
-0.344605
-0.340995
-0.336978
-0.332994
-0.329519
-0.326953
-0.325458
-0.324873
-0.324726
-0.324328
-0.323014
