1.8
1.80001
1.80003
1.80005
1.80008
1.80011
1.80015
1.8002
1.80025
1.80031
1.80038
1.80045
1.80053
1.80061
1.8007
1.8008
1.80091
1.80102
1.80114
1.80127
1.8014
1.80154
1.80169
1.80185
1.80202
1.80219
1.80237
1.80256
1.80276
1.80297
1.80318
1.80341
1.80364
1.80388
1.80413
1.8044
1.80467
1.80495
1.80524
1.80555
1.80586
1.80619
1.80653
1.80688
1.80724
1.80762
1.80801
1.80841
1.80883
1.80926
1.80971
1.81018
1.81066
1.81116
1.81168
1.81221
1.81277
1.81335
1.81395
1.81457
1.81521
1.81588
1.81658
1.8173
1.81805
1.81883
1.81964
1.82049
1.82137
1.82228
1.82324
1.82423
1.82526
1.82635
1.82747
1.82865
1.82988
1.83117
1.83252
1.83392
1.8354
1.83694
1.83856
1.84026
1.84203
1.8439
1.84585
1.8479
1.85005
1.85231
1.85467
1.85715
1.85974
1.86244
1.86526
1.86819
1.87122
1.87435
1.87755
1.8808
1.80303
1.80617
1.80921
1.81206
1.8146
1.81672
1.81823
1.81898
1.81878
1.81748
1.81502
1.81146
1.8071
1.80248
1.79833
1.79551
1.79472
1.79635
1.80036
1.8063
1.81345
1.82094
1.82797
1.83385
1.83821
1.84102
1.84266
1.8439
1.84569
1.84894
1.85414
1.8612
1.86949
1.87806
1.88598
1.8925
1.89719
1.8999
1.90074
1.90002
1.89815
1.89561
1.89284
1.89017
1.88778
1.88572
1.88393
1.88232
1.88077
1.87912
1.87723
1.87503
1.87265
1.8705
1.86922
1.86952
1.87191
1.87654
1.88319
1.89131
1.90022
1.90923
1.9177
1.92512
1.93114
1.93557
1.93837
1.93965
1.93963
1.93862
1.93702
1.93523
1.93365
1.93266
1.93248
1.93327
1.93499
1.93751
1.9406
1.94398
1.94738
1.95056
1.95334
1.95562
1.95737
1.95867
1.95961
1.96033
1.96095
1.96154
1.96214
1.96271
1.96322
1.96366
1.96402
1.96435
1.9647
1.96515
1.96571
1.96641
1.80075
1.80165
1.80262
1.80367
1.8048
1.80603
1.8074
1.80895
1.8107
1.81265
1.81477
1.81704
1.81938
1.82172
1.824
1.82614
1.82807
1.8297
1.83099
1.83188
1.8323
1.83224
1.83168
1.83063
1.82918
1.82744
1.82558
1.82381
1.82231
1.82123
1.82062
1.8204
1.82037
1.82026
1.81978
1.81866
1.81674
1.814
1.81059
1.80687
1.80344
1.801
1.80029
1.80178
1.8056
1.81143
1.81859
1.82623
1.83348
1.8396
1.84396
1.84609
1.84564
1.84251
1.83696
1.82984
1.82262
1.81719
1.81521
1.81739
1.8232
1.83123
1.83983
1.84761
1.85357
1.85711
1.85787
1.85568
1.85054
1.84262
1.83234
1.82047
1.80812
1.79673
1.78779
1.78259
1.78181
1.78539
1.79249
1.80183
1.81201
1.82187
1.83063
1.83792
1.8437
1.84811
1.8514
1.85379
1.85549
1.85665
1.85739
1.85778
1.85791
1.85785
1.85766
1.85743
1.85721
1.85707
1.85705
1.85721
1.80038
1.80096
1.80171
1.80259
1.80353
1.80446
1.80528
1.80587
1.80607
1.80571
1.8046
1.80253
1.79927
1.7947
1.78876
1.78166
1.77389
1.76628
1.75982
1.75541
1.75353
1.75402
1.75628
1.75946
1.76283
1.76592
1.76847
1.77043
1.77184
1.77278
1.77334
1.77363
1.7737
1.77363
1.77347
1.77324
1.77294
1.77257
1.77211
1.77161
1.77114
1.77084
1.77087
1.7714
1.77249
1.7741
1.77609
1.77823
1.78026
1.78194
1.78311
1.78365
1.78352
1.78273
1.78133
1.77942
1.7771
1.77452
1.77183
1.76917
1.76666
1.76443
1.76253
1.76101
1.75987
1.75913
1.75876
1.75877
1.75915
1.75993
1.76109
1.76263
1.76452
1.7667
1.76907
1.77151
1.77387
1.77597
1.77759
1.77852
1.77853
1.7774
1.77497
1.77118
1.76612
1.76009
1.75367
1.74758
1.74261
1.73929
1.7378
1.73788
1.73905
1.74085
1.743
1.74546
1.74827
1.75147
1.755
1.75871
1.80353
1.80697
1.81002
1.81264
1.81478
1.81641
1.81743
1.81771
1.81713
1.81562
1.81326
1.81026
1.80701
1.80398
1.80155
1.79995
1.79914
1.79891
1.79903
1.79932
1.79971
1.80019
1.80077
1.80139
1.80192
1.80224
1.80223
1.80184
1.80106
1.79996
1.79861
1.79714
1.79567
1.79432
1.79322
1.79246
1.79215
1.7923
1.79292
1.79396
1.79534
1.79694
1.79866
1.80042
1.80212
1.80372
1.80519
1.80652
1.8077
1.80873
1.80963
1.81041
1.81105
1.81158
1.81198
1.81226
1.81241
1.81241
1.81225
1.81191
1.81137
1.81063
1.80967
1.80849
1.80714
1.80566
1.80414
1.80273
1.80156
1.8008
1.80059
1.801
1.80203
1.80361
1.80559
1.8078
1.81006
1.81219
1.81406
1.81556
1.8166
1.81714
1.81712
1.8165
1.81527
1.81342
1.81098
1.80804
1.80474
1.80128
1.79794
1.79498
1.79264
1.79105
1.79024
1.7901
1.79045
1.7911
1.79189
1.79273
1.80085
1.80182
1.80292
1.80415
1.8055
1.80684
1.80804
1.8089
1.80927
1.80903
1.80813
1.80662
1.80462
1.80233
1.80002
1.79797
1.79642
1.79548
1.79513
1.79522
1.79557
1.79605
1.79668
1.79763
1.79913
1.80137
1.80435
1.80789
1.81166
1.81531
1.81858
1.82134
1.82358
1.82541
1.82694
1.8283
1.82956
1.83071
1.83172
1.83253
1.83308
1.83337
1.83344
1.83341
1.83345
1.83375
1.8345
1.83581
1.83767
1.83997
1.84249
1.84497
1.84716
1.84882
1.84977
1.84989
1.8491
1.84738
1.84476
1.84128
1.83706
1.83222
1.82692
1.82134
1.81569
1.81022
1.8052
1.80096
1.79785
1.79619
1.79622
1.79802
1.80146
1.80618
1.81174
1.81767
1.82363
1.82943
1.83497
1.84022
1.84514
1.84962
1.85352
1.85666
1.85891
1.86014
1.86032
1.85941
1.85746
1.85458
1.85097
1.84696
1.84298
1.83951
1.83694
1.83545
1.83486
1.83471
1.83433
1.83302
