1.76816
1.76816
1.76816
1.76816
1.76816
1.76816
1.76816
1.76816
1.76816
1.76816
1.76816
1.76816
1.76816
1.76816
1.76815
1.76814
1.76812
1.76811
1.76809
1.76806
1.76804
1.76802
1.768
1.76798
1.76794
1.76792
1.76789
1.76786
1.76784
1.76782
1.76779
1.76777
1.76776
1.76773
1.76771
1.76769
1.76768
1.76767
1.76765
1.76764
1.76764
1.76763
1.76762
1.7676
1.7676
1.76759
1.76758
1.76758
1.76757
1.76757
1.76757
1.76756
1.76756
1.76755
1.76753
1.76752
1.76751
1.76751
1.76749
1.76748
1.76747
1.76747
1.76747
1.76746
1.76745
1.76744
1.76744
1.76744
1.76743
1.76743
1.76743
1.76742
1.76743
1.76741
1.7674
1.76739
1.76739
1.76739
1.76739
1.76739
1.76739
1.76739
1.76738
1.76738
1.76737
1.76737
1.76737
1.76737
1.76736
1.76736
1.76735
1.76735
1.76735
1.76735
1.76735
1.76735
1.76735
1.76735
1.76734
1.76733
1.68604
1.68604
1.68604
1.68603
1.68603
1.68603
1.68602
1.68603
1.68604
1.68602
1.68602
1.68602
1.68602
1.68601
1.68602
1.68602
1.68602
1.68601
1.68602
1.68602
1.68601
1.68601
1.68601
1.686
1.68601
1.68601
1.68601
1.686
1.68601
1.68602
1.68601
1.68602
1.68601
1.686
1.686
1.68601
1.68601
1.68602
1.68603
1.68603
1.68604
1.68603
1.68603
1.68603
1.68603
1.68601
1.68601
1.686
1.686
1.68601
1.686
1.686
1.686
1.68599
1.68599
1.686
1.686
1.68601
1.68601
1.686
1.686
1.68601
1.68601
1.68601
1.68601
1.686
1.686
1.686
1.68599
1.68599
1.686
1.686
1.686
1.68599
1.68599
1.68598
1.68598
1.68597
1.68598
1.68597
1.68597
1.68597
1.68597
1.68596
1.68596
1.68595
1.68595
1.68595
1.68594
1.68595
1.68595
1.68595
1.68595
1.68595
1.68596
1.68595
1.68596
1.68596
1.68596
1.68596
1.51944
1.51945
1.51945
1.51944
1.51944
1.51945
1.51945
1.51945
1.51945
1.51945
1.51944
1.51944
1.51943
1.51943
1.51944
1.51944
1.51944
1.51944
1.51944
1.51943
1.51943
1.51943
1.51944
1.51945
1.51945
1.51945
1.51945
1.51945
1.51944
1.51943
1.51943
1.51942
1.51943
1.51942
1.51942
1.51942
1.51942
1.51942
1.51942
1.51942
1.51942
1.51943
1.51943
1.51943
1.51943
1.51944
1.51943
1.51944
1.51944
1.51944
1.51944
1.51944
1.51943
1.51943
1.51943
1.51943
1.51944
1.51944
1.51944
1.51943
1.51942
1.51943
1.51943
1.51942
1.51942
1.51941
1.51941
1.51941
1.51941
1.51941
1.5194
1.5194
1.51941
1.51941
1.51941
1.51941
1.5194
1.5194
1.51939
1.5194
1.5194
1.5194
1.51939
1.51939
1.5194
1.51939
1.51939
1.5194
1.51939
1.51938
1.51939
1.51939
1.51938
1.51939
1.5194
1.51939
1.51938
1.51939
1.51938
1.51938
1.46214
1.46215
1.46214
1.46215
1.46215
1.46215
1.46215
1.46215
1.46215
1.46215
1.46214
1.46214
1.46214
1.46215
1.46214
1.46214
1.46214
1.46212
1.46212
1.46212
1.46211
1.46212
1.46211
1.46211
1.46211
1.46211
1.46211
1.46211
1.46211
1.46211
1.46211
1.46211
1.46212
1.46212
1.46212
1.46213
1.46212
1.46212
1.46213
1.46214
1.46213
1.46212
1.46212
1.46212
1.46212
1.46213
1.46212
1.46212
1.46212
1.46212
1.46211
1.46211
1.46212
1.46213
1.46213
1.46213
1.46213
1.46214
1.46214
1.46214
1.46214
1.46215
1.46214
1.46214
1.46214
1.46213
1.46212
1.46212
1.46212
1.46212
1.46212
1.46212
1.46212
1.46213
1.46214
1.46214
1.46213
1.46214
1.46214
1.46214
1.46214
1.46214
1.46215
1.46213
1.46213
1.46214
1.46214
1.46213
1.46214
1.46213
1.46213
1.46214
1.46214
1.46212
1.46212
1.46212
1.46211
1.46211
1.4621
1.4621
1.50282
1.50281
1.50281
1.50282
1.50282
1.50282
1.50282
1.50283
1.50284
1.50284
1.50284
1.50283
1.50284
1.50284
1.50285
1.50285
1.50285
1.50285
1.50284
1.50284
1.50284
1.50285
1.50285
1.50286
1.50286
1.50285
1.50285
1.50285
1.50285
1.50286
1.50286
1.50286
1.50287
1.50286
1.50285
1.50286
1.50287
1.50286
1.50286
1.50284
1.50284
1.50284
1.50285
1.50283
1.50284
1.50285
1.50285
1.50284
1.50284
1.50283
1.50283
1.50283
1.50283
1.50282
1.50281
1.50281
1.50282
1.50282
1.50283
1.50283
1.50284
1.50283
1.50282
1.50282
1.50283
1.50282
1.50282
1.50282
1.50283
1.50282
1.50282
1.50281
1.50281
1.50282
1.50282
1.50281
1.50281
1.5028
1.50279
1.50279
1.5028
1.5028
1.5028
1.5028
1.50279
1.50278
1.50279
1.50279
1.50279
1.50279
1.50279
1.50279
1.50279
1.5028
1.5028
1.50281
1.50281
1.50282
1.50282
1.50283
1.50996
1.50996
1.50997
1.50996
1.50996
1.50996
1.50996
1.50996
1.50996
1.50995
1.50996
1.50996
1.50996
1.50998
1.50997
1.50996
1.50997
1.50996
1.50997
1.50998
1.50997
1.50998
1.50997
1.50997
1.50997
1.50997
1.50997
1.50996
1.50996
1.50996
1.50996
1.50996
1.50995
1.50995
1.50995
1.50995
1.50995
1.50994
1.50994
1.50994
1.50993
1.50994
1.50994
1.50994
1.50993
1.50993
1.50993
1.50993
1.50992
1.50992
1.50993
1.50993
1.50993
1.50994
1.50993
1.50993
1.50993
1.50992
1.50992
1.50993
1.50993
1.50995
1.50994
1.50994
1.50993
1.50994
1.50994
1.50994
1.50995
1.50996
1.50996
1.50997
1.50996
1.50997
1.50997
1.50997
1.50997
1.50997
1.50996
1.50997
1.50996
1.50996
1.50996
1.50995
1.50996
1.50995
1.50996
1.50996
1.50997
1.50997
1.50998
1.50998
1.50998
1.50999
1.50999
1.50999
1.50999
1.50999
1.51
1.51
