6.66667e-07
1.33333e-06
4.66667e-06
2.66667e-06
3.33333e-06
8.66667e-06
8.33333e-06
1.13333e-05
1.96667e-05
1.6e-05
3.33333e-05
5.03333e-05
6.1e-05
9.13333e-05
8.43333e-05
0.000150333
0.000171667
0.000228333
0.000300667
0.000395
0.000490333
0.000634333
0.000843
0.001005
0.00132267
0.00165367
0.00208967
0.002688
0.003193
0.004085
0.00500267
0.00610233
0.00740733
0.008923
0.0107447
0.012732
0.0151847
0.0184847
0.02148
0.0256323
0.0301307
0.035027
0.0401677
0.0467047
0.0536
0.0614153
0.069765
0.0791347
0.090072
0.100546
0.111687
0.12513
0.138596
0.1531
0.16746
0.183379
0.199333
0.215815
0.231614
0.248462
0.264795
0.281954
0.298056
0.313736
0.329241
0.34349
0.356247
0.367549
0.380203
0.389671
0.39799
0.40566
0.41092
0.415451
0.416733
0.417521
0.418159
0.415803
0.411752
0.408373
0.402382
0.397882
0.389519
0.382913
0.373302
0.365584
0.35751
0.348346
0.340461
0.332605
0.324573
0.316761
0.311275
0.304178
0.298121
0.294219
0.290452
0.288342
0.286225
0.285366
0.285064
0.286128
0.28813
0.291789
0.294438
0.29996
0.304336
0.309995
0.317927
0.324079
0.331351
0.340665
0.349283
0.357155
0.36547
0.374247
0.381262
0.389166
0.396575
0.402019
0.409168
0.413335
0.415665
0.416841
0.418986
0.417894
0.414508
0.410089
0.405807
0.398636
0.389651
0.379024
0.368835
0.355631
0.342628
0.328317
0.313927
0.298268
0.282057
0.265476
0.248685
0.232196
0.215707
0.19921
0.183441
0.167424
0.152927
0.138421
0.124885
0.112312
0.100947
0.0896103
0.0796117
0.0700193
0.0615483
0.05377
0.046643
0.0401647
0.0346363
0.0299943
0.025741
0.021556
0.0186253
0.015378
0.0128343
0.010841
0.00889533
0.00727833
0.006088
0.00487333
0.00397533
0.003178
0.00259533
0.00210767
0.001664
0.00133033
0.00107633
0.000820667
0.000661
0.000481333
0.000411
0.000284667
0.000247
0.000160333
0.000120667
0.000109
6.4e-05
5.7e-05
3.46667e-05
3.33333e-05
2.03333e-05
1.6e-05
8e-06
9.33333e-06
6e-06
2.33333e-06
3.33333e-06
1.66667e-06
3.33333e-07
3.66667e-06
