120.98
89.62
94.72
107.32
95.28
107.52
105.94
111.16
94.76
109.4
125.26
100.32
89.62
94.34
81.6
102.24
99.02
110.52
94.34
102.14
105.76
82.48
108.16
106.24
105.98
100.84
100.86
82.68
97.24
101.86
84.78
123.68
85.68
94.78
99.46
119.92
102.04
95.44
122.96
122.98
103.54
89.8
83.54
92.36
82.22
88.78
88.5
103.48
111.3
109.48
90.4
88.02
94.8
95.2
84.1
89.42
112.1
95.44
104.26
111.52
101.52
100.54
101.96
91
107.14
91.94
97.06
108.12
88.66
89.64
79.44
117.24
114.96
98.66
97.38
114.92
70.76
114.66
81.58
94.46
93.16
80.74
142.12
116.74
114.36
86.68
114.96
121.46
83.32
104
117.06
93.82
87.56
86.46
111.78
102.4
98.04
77.94
107.42
98.02
