0.00511116
0.00289571
0.00247129
0.00214406
0.00151747
0.00201903
0.00150702
0.00165258
0.00184902
0.0015937
0.00131964
0.00152391
0.000912418
0.000898937
0.00067529
0.00142871
0.000974878
0.000781435
0.00131349
0.000928526
0.00072097
0.00134024
0.000934747
0.000824917
0.00078809
0.000663949
0.00102761
0.000730689
0.000608904
0.000555084
0.000704816
0.000798242
0.000900075
0.00103711
0.000666943
0.000841903
0.000719178
0.000643725
0.000937201
0.000594814
0.000599997
0.000662062
0.000890522
0.000759626
0.000467372
0.000640662
0.000627889
0.000419794
0.000633727
0.000651786
0.000444775
0.000499973
0.000602939
0.000636957
0.000659016
0.000545805
0.000449871
0.000801701
0.00102332
0.000611541
0.000626818
0.000604814
0.000530957
0.000556918
0.000686266
0.00059514
0.000737683
0.000606802
0.000579043
0.000499446
0.00021561
0.000542163
0.000580315
0.000356015
0.000576999
0.00046745
0.000434898
0.000557248
0.000635432
0.000494771
0.000376504
0.000388549
0.000322214
0.000444132
0.000383897
0.000410919
0.000521385
0.000443469
0.000337388
0.000434611
0.000492413
0.000456945
0.000412595
0.000299784
0.000468822
0.00054421
0.000495787
0.000523324
0.000284545
0.000404898
