0.0753191	-0.205166	-0.0598595
-0.0281314	-0.175721	0.276741
0.41828	0.0560355	-0.115912
0.406014	0.251079	-0.362831
0.00664255	0.263119	0.254777
0.334546	-0.0509491	0.0490423
-0.0285232	0.0386948	-0.433875
-0.304239	-0.166077	0.284689
-0.222414	-0.192068	0.0850148
0.411551	0.32703	0.408474
0.119252	-0.322827	-0.337904
-0.1456	0.133919	-0.356953
0.463954	-0.325793	-0.494423
0.352091	0.37329	0.128741
0.120062	0.122559	-0.462809
-0.151868	-0.0477659	0.033516
0.0567835	-0.097022	-0.313511
-0.220461	0.334672	0.493874
-0.131177	-0.411667	-0.118547
0.122205	-0.158865	-0.181209
-0.481466	-0.218195	0.125026
-0.407462	-0.428971	0.0333482
-0.458291	-0.299132	0.371329
-0.44046	-0.426181	0.140162
-0.390466	-0.195415	0.352824
0.268846	-0.375903	-0.0122883
0.0507476	-0.497402	-0.268335
0.00767439	-0.0642371	0.351827
0.0192964	0.185013	0.266077
-0.465173	-0.281394	0.0231676
-0.196505	0.0593815	-0.45485
-0.345551	0.310586	0.1908
-0.40799	-0.281295	-0.107074
0.325335	0.266173	-0.327195
-0.324073	-0.305173	0.0615746
0.181215	0.00152714	-0.453983
-0.00739296	0.455596	-0.241803
0.10546	-0.121275	-0.428743
-0.419898	0.310807	-0.333809
0.244062	0.264162	0.0174168
0.230279	-0.422803	0.0730905
-0.0117346	-0.30909	-0.0447111
-0.172814	0.215228	-0.0337651
-0.437263	0.241758	-0.488473
-0.0359039	-0.145482	0.356592
0.394781	-0.0507427	-0.122323
-0.445343	0.286936	0.0358599
0.239853	-0.317098	0.0766003
-0.11958	-0.144283	0.0661282
0.240023	0.399486	0.0788398
-0.0348886	-0.279181	0.454614
-0.109155	0.159741	0.232925
-0.173969	0.374685	0.00128806
-0.458716	0.281963	0.131772
-0.376257	0.17246	0.174961
-0.0666353	0.0754463	0.259786
-0.170857	-0.183569	0.334643
0.374415	0.173666	-0.350199
0.331701	-0.438376	0.18621
0.184187	-0.242452	0.227977
-0.21944	0.492825	-0.199838
-0.159195	0.408444	-0.182083
0.346955	-0.47496	-0.131147
-0.15237	0.184857	0.162633
0.247788	0.0464096	0.156817
-0.184595	-0.308575	0.121174
0.455049	0.486976	0.29472
0.0226972	0.498987	0.477386
0.0467017	-0.101816	-0.226348
-0.203329	-0.279214	-0.248964
0.258	-0.277266	-0.143366
-0.106555	-0.116178	0.308457
0.373534	-0.168408	-0.366364
-0.479295	0.402584	0.0459567
-0.208232	-0.287624	-0.104833
0.0514085	0.334769	-0.365951
0.275361	0.281177	0.371368
-0.396335	0.0497358	-0.102512
-0.126737	-0.228017	0.17094
-0.258402	0.356343	-0.383471
-0.158473	-0.147363	0.479466
0.437261	0.332715	-0.367497
0.488672	-0.0423484	0.230026
-0.161371	-0.344285	0.264906
0.304694	0.498041	-0.255099
-0.393312	-0.330326	0.00729099
0.226185	-0.16496	-0.191192
0.328104	-0.315361	-0.0902922
-0.193434	-0.175378	-0.121514
-0.079261	-0.140132	-0.243629
0.328561	0.104558	-0.276946
-0.294716	0.206955	-0.14381
0.202262	-0.21809	-0.144069
-0.31633	-0.174536	0.0442822
0.0351484	0.326112	-0.27279
-0.0648488	-0.383983	-0.180977
0.0046464	-0.169972	0.449155
0.283694	0.457367	-0.121477
0.25279	0.280593	-0.299018
-0.025502	-0.0939007	0.262451
0.405646	0.290454	0.0242383
-0.29758	-0.345755	0.131688
-0.0933586	0.358462	-0.232491
-0.0397859	-0.197471	0.180236
0.302389	-0.441894	0.0939906
0.0210809	-0.261085	-0.129548
-0.372664	-0.361135	0.186949
0.211051	0.0601021	0.269625
