0.0752678	-0.205149	-0.0599446
-0.0281577	-0.175721	0.276748
0.418243	0.0560676	-0.115823
0.406051	0.251108	-0.36278
0.00660808	0.263159	0.254802
0.334583	-0.0510575	0.0490151
-0.0284916	0.0386969	-0.43393
-0.304243	-0.166018	0.284707
-0.222505	-0.192053	0.084919
0.411473	0.327022	0.408453
0.119265	-0.32283	-0.337918
-0.145534	0.133995	-0.35697
0.463991	-0.325807	-0.494413
0.352085	0.373322	0.128743
0.120038	0.122538	-0.462781
-0.151933	-0.0476976	0.0334963
0.0568603	-0.097038	-0.313511
-0.220439	0.334656	0.493923
-0.131165	-0.411714	-0.118523
0.12219	-0.158877	-0.181246
-0.481487	-0.218178	0.124986
-0.407409	-0.429013	0.0333256
-0.458312	-0.299182	0.371407
-0.440459	-0.426162	0.140141
-0.390473	-0.195423	0.352732
0.268789	-0.375871	-0.0122987
0.050787	-0.497426	-0.268333
0.00771923	-0.0643002	0.351849
0.0193136	0.184955	0.266133
-0.465112	-0.281337	0.0231462
-0.196424	0.0594293	-0.454874
-0.34552	0.310647	0.190791
-0.407986	-0.281269	-0.107113
0.325412	0.266179	-0.327248
-0.324046	-0.305163	0.0615922
0.181193	0.0015842	-0.454021
-0.00746728	0.455549	-0.241881
0.105461	-0.121262	-0.428709
-0.419931	0.310791	-0.333819
0.243985	0.264149	0.0174547
0.230293	-0.422795	0.0731198
-0.0117068	-0.309107	-0.0446929
-0.172826	0.215308	-0.0337786
-0.437243	0.241738	-0.488431
-0.0358699	-0.145458	0.356562
0.39481	-0.0507	-0.122287
-0.445326	0.286916	0.0358891
0.239912	-0.317053	0.0766095
-0.119532	-0.144199	0.066072
0.24	0.399526	0.0788088
-0.0347875	-0.279191	0.454653
-0.109148	0.159729	0.232874
-0.17393	0.374663	0.00134104
-0.458713	0.281904	0.13174
-0.376308	0.172437	0.174926
-0.066667	0.0754741	0.259802
-0.170838	-0.183561	0.334637
0.374465	0.173654	-0.350175
0.331678	-0.438342	0.186249
0.184243	-0.24247	0.227933
-0.219458	0.492808	-0.199862
-0.159181	0.408488	-0.182033
0.346862	-0.474991	-0.131191
-0.152328	0.184824	0.162675
0.247817	0.0463575	0.156787
-0.184596	-0.308549	0.121183
0.454995	0.486949	0.294706
0.0226765	0.499037	0.477441
0.0466911	-0.101771	-0.226346
-0.203358	-0.279227	-0.248961
0.25797	-0.27727	-0.143398
-0.106525	-0.116197	0.308432
0.373597	-0.168422	-0.366391
-0.479254	0.40253	0.0459807
-0.208278	-0.287686	-0.104775
0.0513638	0.334838	-0.365957
0.275481	0.281144	0.371425
-0.396302	0.0497341	-0.102564
-0.126719	-0.228033	0.171031
-0.258402	0.356398	-0.383464
-0.158515	-0.147359	0.479443
0.437067	0.332691	-0.367459
0.488604	-0.0422998	0.230045
-0.161419	-0.344267	0.264955
0.304673	0.498016	-0.255141
-0.393398	-0.330322	0.00733237
0.226165	-0.16491	-0.191113
0.328144	-0.315382	-0.0902902
-0.193355	-0.175407	-0.121463
-0.0792906	-0.140215	-0.243685
0.328567	0.104553	-0.276954
-0.294747	0.206988	-0.143751
0.20225	-0.218064	-0.14411
-0.316372	-0.174557	0.0443641
0.0351604	0.326046	-0.272794
-0.0648731	-0.383978	-0.180959
0.00456907	-0.170011	0.449144
0.283754	0.457395	-0.12149
0.252835	0.280588	-0.299014
-0.0254756	-0.0939049	0.262444
0.405731	0.290418	0.0242538
-0.297635	-0.345749	0.131687
-0.0933381	0.358385	-0.232488
-0.0398169	-0.19745	0.180198
0.302403	-0.441921	0.0939149
0.0210592	-0.261111	-0.129563
-0.372641	-0.361166	0.186937
0.211003	0.0601381	0.269618
